0 4.7578E+00
2.5e-07 7.6333E+00
5e-07 1.0509E+01
7.5e-07 1.3384E+01
1e-06 1.6260E+01
1.25e-06 1.9135E+01
1.5e-06 2.0438E+01
1.75e-06 2.1337E+01
2e-06 2.2235E+01
2.25e-06 2.3134E+01
2.5e-06 2.4032E+01
2.75e-06 2.4910E+01
3e-06 2.4730E+01
3.25e-06 2.4550E+01
3.5e-06 2.4371E+01
3.75e-06 2.4191E+01
4e-06 2.4011E+01
4.25e-06 2.3919E+01
4.5e-06 2.4099E+01
4.75e-06 2.4279E+01
5e-06 2.4458E+01
5.25e-06 2.4638E+01
5.5e-06 2.4818E+01
5.75e-06 2.4913E+01
6e-06 2.4913E+01
6.25e-06 2.4913E+01
6.5e-06 2.4913E+01
6.75e-06 2.4913E+01
7e-06 2.4913E+01
7.25e-06 2.5411E+01
7.5e-06 2.6129E+01
7.75e-06 2.6848E+01
8e-06 2.7567E+01
8.25e-06 2.8286E+01
8.5e-06 2.9005E+01
8.75e-06 3.0053E+01
9e-06 3.1131E+01
9.25e-06 3.2210E+01
9.5e-06 3.3288E+01
9.75e-06 3.4366E+01
1e-05 3.5269E+01
1.025e-05 3.5089E+01
1.05e-05 3.4909E+01
1.075e-05 3.4730E+01
1.1e-05 3.4550E+01
1.125e-05 3.4370E+01
1.15e-05 3.4191E+01
1.175e-05 3.4011E+01
1.2e-05 3.3831E+01
1.225e-05 3.3651E+01
1.25e-05 3.3472E+01
1.275e-05 3.3292E+01
1.3e-05 3.2795E+01
1.325e-05 3.2077E+01
1.35e-05 3.1358E+01
1.375e-05 3.0639E+01
1.4e-05 2.9920E+01
1.425e-05 2.9201E+01
1.45e-05 3.0816E+01
1.475e-05 3.2973E+01
1.5e-05 3.5129E+01
1.525e-05 3.7286E+01
1.55e-05 3.9442E+01
1.575e-05 4.1510E+01
1.6e-05 4.1150E+01
1.625e-05 4.0791E+01
1.65e-05 4.0431E+01
1.675e-05 4.0072E+01
1.7e-05 3.9712E+01
1.725e-05 3.9493E+01
1.75e-05 3.9673E+01
1.775e-05 3.9852E+01
1.8e-05 4.0032E+01
1.825e-05 4.0212E+01
1.85e-05 4.0391E+01
1.875e-05 3.9963E+01
1.9e-05 3.8884E+01
1.925e-05 3.7806E+01
1.95e-05 3.6728E+01
1.975e-05 3.5650E+01
2e-05 3.4571E+01
2.025e-05 3.3239E+01
2.05e-05 3.1801E+01
2.075e-05 3.0363E+01
2.1e-05 2.8926E+01
2.125e-05 2.7488E+01
2.15e-05 2.6050E+01
2.175e-05 2.6621E+01
2.2e-05 2.7340E+01
2.225e-05 2.8059E+01
2.25e-05 2.8778E+01
2.275e-05 2.9496E+01
2.3e-05 3.0411E+01
2.325e-05 3.2387E+01
2.35e-05 3.4364E+01
2.375e-05 3.6341E+01
2.4e-05 3.8318E+01
2.425e-05 4.0295E+01
2.45e-05 4.1045E+01
2.475e-05 3.9787E+01
2.5e-05 3.8529E+01
2.525e-05 3.7271E+01
2.55e-05 3.6013E+01
2.575e-05 3.4755E+01
2.6e-05 3.4148E+01
2.625e-05 3.3968E+01
2.65e-05 3.3788E+01
2.675e-05 3.3608E+01
2.7e-05 3.3429E+01
2.725e-05 3.3249E+01
2.75e-05 3.4110E+01
2.775e-05 3.5188E+01
2.8e-05 3.6266E+01
2.825e-05 3.7345E+01
2.85e-05 3.8423E+01
2.875e-05 3.9428E+01
2.9e-05 3.9068E+01
2.925e-05 3.8709E+01
2.95e-05 3.8350E+01
2.975e-05 3.7990E+01
3e-05 3.7631E+01
3.025e-05 3.8112E+01
3.05e-05 4.0808E+01
3.075e-05 4.3504E+01
3.1e-05 4.6199E+01
3.125e-05 4.8895E+01
3.15e-05 5.1591E+01
3.175e-05 5.1236E+01
3.2e-05 4.7822E+01
3.225e-05 4.4407E+01
3.25e-05 4.0992E+01
3.275e-05 3.7578E+01
3.3e-05 3.4163E+01
3.325e-05 3.3738E+01
3.35e-05 3.4457E+01
3.375e-05 3.5176E+01
3.4e-05 3.5894E+01
3.425e-05 3.6613E+01
3.45e-05 3.7332E+01
3.475e-05 3.6349E+01
3.5e-05 3.5270E+01
3.525e-05 3.4192E+01
3.55e-05 3.3114E+01
3.575e-05 3.2035E+01
3.6e-05 3.1511E+01
3.625e-05 3.3668E+01
3.65e-05 3.5824E+01
3.675e-05 3.7981E+01
3.7e-05 4.0137E+01
3.725e-05 4.2294E+01
3.75e-05 4.3314E+01
3.775e-05 4.2595E+01
3.8e-05 4.1877E+01
3.825e-05 4.1158E+01
3.85e-05 4.0439E+01
3.875e-05 3.9720E+01
3.9e-05 3.8890E+01
3.925e-05 3.7991E+01
3.95e-05 3.7093E+01
3.975e-05 3.6194E+01
4e-05 3.5295E+01
4.025e-05 3.4397E+01
4.05e-05 3.4559E+01
4.075e-05 3.4918E+01
4.1e-05 3.5278E+01
4.125e-05 3.5637E+01
4.15e-05 3.5997E+01
4.175e-05 3.6344E+01
4.2e-05 3.6524E+01
4.225e-05 3.6704E+01
4.25e-05 3.6883E+01
4.275e-05 3.7063E+01
4.3e-05 3.7243E+01
4.325e-05 3.7684E+01
4.35e-05 3.8762E+01
4.375e-05 3.9841E+01
4.4e-05 4.0919E+01
4.425e-05 4.1997E+01
4.45e-05 4.3076E+01
4.475e-05 4.3321E+01
4.5e-05 4.2782E+01
4.525e-05 4.2242E+01
4.55e-05 4.1703E+01
4.575e-05 4.1164E+01
4.6e-05 4.0625E+01
4.625e-05 3.9554E+01
4.65e-05 3.8296E+01
4.675e-05 3.7038E+01
4.7e-05 3.5780E+01
4.725e-05 3.4522E+01
4.75e-05 3.3264E+01
4.775e-05 3.4083E+01
4.8e-05 3.4982E+01
4.825e-05 3.5880E+01
4.85e-05 3.6779E+01
4.875e-05 3.7677E+01
4.9e-05 3.8442E+01
4.925e-05 3.8621E+01
4.95e-05 3.8801E+01
4.975e-05 3.8981E+01
5e-05 3.9161E+01
5.025e-05 3.9340E+01
5.05e-05 3.9520E+01
5.075e-05 3.9700E+01
5.1e-05 3.9879E+01
5.125e-05 4.0059E+01
5.15e-05 4.0239E+01
5.175e-05 4.0419E+01
5.2e-05 4.0028E+01
5.225e-05 3.9309E+01
5.25e-05 3.8590E+01
5.275e-05 3.7871E+01
5.3e-05 3.7152E+01
5.325e-05 3.6434E+01
5.35e-05 3.6332E+01
5.375e-05 3.6332E+01
5.4e-05 3.6332E+01
5.425e-05 3.6332E+01
5.45e-05 3.6332E+01
5.475e-05 3.6406E+01
5.5e-05 3.7305E+01
5.525e-05 3.8204E+01
5.55e-05 3.9102E+01
5.575e-05 4.0001E+01
5.6e-05 4.0899E+01
5.625e-05 4.1357E+01
5.65e-05 4.0818E+01
5.675e-05 4.0279E+01
5.7e-05 3.9739E+01
5.725e-05 3.9200E+01
5.75e-05 3.8661E+01
5.775e-05 3.9267E+01
5.8e-05 4.0884E+01
5.825e-05 4.2502E+01
5.85e-05 4.4119E+01
5.875e-05 4.5737E+01
5.9e-05 4.7354E+01
5.925e-05 4.5987E+01
5.95e-05 4.3651E+01
5.975e-05 4.1315E+01
6e-05 3.8978E+01
6.025e-05 3.6642E+01
6.05e-05 3.4305E+01
6.075e-05 3.5311E+01
6.1e-05 3.6390E+01
6.125e-05 3.7468E+01
6.15e-05 3.8546E+01
6.175e-05 3.9625E+01
6.2e-05 4.0630E+01
6.225e-05 4.1349E+01
6.25e-05 4.2068E+01
6.275e-05 4.2787E+01
6.3e-05 4.3506E+01
6.325e-05 4.4224E+01
6.35e-05 4.4943E+01
6.375e-05 4.5662E+01
6.4e-05 4.6381E+01
6.425e-05 4.7100E+01
6.45e-05 4.7819E+01
6.475e-05 4.8538E+01
6.5e-05 4.7502E+01
6.525e-05 4.5525E+01
6.55e-05 4.3548E+01
6.575e-05 4.1571E+01
6.6e-05 3.9595E+01
6.625e-05 3.7618E+01
6.65e-05 3.8785E+01
6.675e-05 4.0403E+01
6.7e-05 4.2020E+01
6.725e-05 4.3637E+01
6.75e-05 4.5255E+01
6.775e-05 4.6695E+01
6.8e-05 4.6515E+01
6.825e-05 4.6335E+01
6.85e-05 4.6156E+01
6.875e-05 4.5976E+01
6.9e-05 4.5796E+01
6.925e-05 4.5036E+01
6.95e-05 4.3060E+01
6.975e-05 4.1083E+01
7e-05 3.9106E+01
7.025e-05 3.7129E+01
7.05e-05 3.5152E+01
7.075e-05 3.5042E+01
7.1e-05 3.6480E+01
7.125e-05 3.7918E+01
7.15e-05 3.9355E+01
7.175e-05 4.0793E+01
7.2e-05 4.2231E+01
7.225e-05 4.2837E+01
7.25e-05 4.3197E+01
7.275e-05 4.3556E+01
7.3e-05 4.3916E+01
7.325e-05 4.4275E+01
7.35e-05 4.4635E+01
7.375e-05 4.7854E+01
7.4e-05 5.1089E+01
7.425e-05 5.4324E+01
7.45e-05 5.7559E+01
7.475e-05 6.0793E+01
7.5e-05 6.2183E+01
7.525e-05 5.6971E+01
7.55e-05 5.1760E+01
7.575e-05 4.6548E+01
7.6e-05 4.1336E+01
7.625e-05 3.6124E+01
7.65e-05 3.3854E+01
7.675e-05 3.5292E+01
7.7e-05 3.6729E+01
7.725e-05 3.8167E+01
7.75e-05 3.9605E+01
7.775e-05 4.1043E+01
7.8e-05 4.2720E+01
7.825e-05 4.4517E+01
7.85e-05 4.6314E+01
7.875e-05 4.8112E+01
7.9e-05 4.9909E+01
7.925e-05 5.1706E+01
7.95e-05 5.0623E+01
7.975e-05 4.9185E+01
8e-05 4.7747E+01
8.025e-05 4.6309E+01
8.05e-05 4.4872E+01
8.075e-05 4.3496E+01
8.1e-05 4.2597E+01
8.125e-05 4.1698E+01
8.15e-05 4.0800E+01
8.175e-05 3.9901E+01
8.2e-05 3.9003E+01
8.225e-05 3.8956E+01
8.25e-05 4.0573E+01
8.275e-05 4.2190E+01
8.3e-05 4.3808E+01
8.325e-05 4.5425E+01
8.35e-05 4.7043E+01
8.375e-05 4.8559E+01
8.4e-05 4.9997E+01
8.425e-05 5.1435E+01
8.45e-05 5.2873E+01
8.475e-05 5.4310E+01
8.5e-05 5.5748E+01
8.525e-05 5.4925E+01
8.55e-05 5.3487E+01
8.575e-05 5.2049E+01
8.6e-05 5.0611E+01
8.625e-05 4.9173E+01
8.65e-05 4.7766E+01
8.675e-05 4.9203E+01
8.7e-05 5.0641E+01
8.725e-05 5.2079E+01
8.75e-05 5.3517E+01
8.775e-05 5.4954E+01
8.8e-05 5.5760E+01
8.825e-05 5.4502E+01
8.85e-05 5.3244E+01
8.875e-05 5.1986E+01
8.9e-05 5.0728E+01
8.925e-05 4.9470E+01
8.95e-05 4.8130E+01
8.975e-05 4.6692E+01
9e-05 4.5254E+01
9.025e-05 4.3816E+01
9.05e-05 4.2379E+01
9.075e-05 4.0941E+01
9.1e-05 4.1956E+01
9.125e-05 4.4113E+01
9.15e-05 4.6269E+01
9.175e-05 4.8426E+01
9.2e-05 5.0582E+01
9.225e-05 5.2739E+01
9.25e-05 5.3755E+01
9.275e-05 5.4654E+01
9.3e-05 5.5553E+01
9.325e-05 5.6451E+01
9.35e-05 5.7350E+01
9.375e-05 5.7991E+01
9.4e-05 5.6912E+01
9.425e-05 5.5834E+01
9.45e-05 5.4756E+01
9.475e-05 5.3677E+01
9.5e-05 5.2599E+01
9.525e-05 5.1776E+01
9.55e-05 5.1416E+01
9.575e-05 5.1057E+01
9.6e-05 5.0697E+01
9.625e-05 5.0338E+01
9.65e-05 4.9978E+01
9.675e-05 4.9619E+01
9.7e-05 4.9259E+01
9.725e-05 4.8900E+01
9.75e-05 4.8541E+01
9.775e-05 4.8181E+01
9.8e-05 4.7822E+01
9.825e-05 4.9193E+01
9.85e-05 5.0990E+01
9.875e-05 5.2787E+01
9.9e-05 5.4584E+01
9.925e-05 5.6382E+01
9.95e-05 5.8103E+01
9.975e-05 5.7025E+01
0.0001 5.5946E+01
0.00010025 5.4868E+01
0.0001005 5.3790E+01
0.00010075 5.2712E+01
0.000101 5.2217E+01
0.00010125 5.3475E+01
0.0001015 5.4734E+01
0.00010175 5.5992E+01
0.000102 5.7250E+01
0.00010225 5.8508E+01
0.0001025 5.8232E+01
0.00010275 5.6255E+01
0.000103 5.4278E+01
0.00010325 5.2302E+01
0.0001035 5.0325E+01
0.00010375 4.8348E+01
0.000104 4.9005E+01
0.00010425 5.0802E+01
0.0001045 5.2600E+01
0.00010475 5.4397E+01
0.000105 5.6194E+01
0.00010525 5.7991E+01
0.0001055 5.8297E+01
0.00010575 5.8477E+01
0.000106 5.8656E+01
0.00010625 5.8836E+01
0.0001065 5.9016E+01
0.00010675 5.8907E+01
0.000107 5.7110E+01
0.00010725 5.5313E+01
0.0001075 5.3515E+01
0.00010775 5.1718E+01
0.000108 4.9921E+01
0.00010825 4.9387E+01
0.0001085 5.1005E+01
0.00010875 5.2622E+01
0.000109 5.4240E+01
0.00010925 5.5857E+01
0.0001095 5.7475E+01
0.00010975 5.8131E+01
0.00011 5.8131E+01
0.00011025 5.8131E+01
0.0001105 5.8131E+01
0.00011075 5.8131E+01
0.000111 5.8131E+01
0.00011125 5.9160E+01
0.0001115 6.0418E+01
0.00011175 6.1676E+01
0.000112 6.2934E+01
0.00011225 6.4192E+01
0.0001125 6.5337E+01
0.00011275 6.3900E+01
0.000113 6.2462E+01
0.00011325 6.1024E+01
0.0001135 5.9586E+01
0.00011375 5.8149E+01
0.000114 5.7428E+01
0.00011425 5.8686E+01
0.0001145 5.9944E+01
0.00011475 6.1202E+01
0.000115 6.2460E+01
0.00011525 6.3718E+01
0.0001155 6.3391E+01
0.00011575 6.1414E+01
0.000116 5.9437E+01
0.00011625 5.7460E+01
0.0001165 5.5483E+01
0.00011675 5.3506E+01
0.000117 5.2299E+01
0.00011725 5.1401E+01
0.0001175 5.0502E+01
0.00011775 4.9604E+01
0.000118 4.8705E+01
0.00011825 4.7806E+01
0.0001185 5.1965E+01
0.00011875 5.6458E+01
0.000119 6.0951E+01
0.00011925 6.5444E+01
0.0001195 6.9937E+01
0.00011975 7.3324E+01
0.00012 7.0987E+01
0.00012025 6.8651E+01
0.0001205 6.6315E+01
0.00012075 6.3978E+01
0.000121 6.1642E+01
0.00012125 6.0207E+01
0.0001215 6.0207E+01
0.00012175 6.0207E+01
0.000122 6.0207E+01
0.00012225 6.0207E+01
0.0001225 6.0207E+01
0.00012275 5.9001E+01
0.000123 5.7025E+01
0.00012325 5.5048E+01
0.0001235 5.3071E+01
0.00012375 5.1094E+01
0.000124 4.9117E+01
0.00012425 5.1337E+01
0.0001245 5.4392E+01
0.00012475 5.7447E+01
0.000125 6.0502E+01
0.00012525 6.3558E+01
0.0001255 6.6467E+01
0.00012575 6.7006E+01
0.000126 6.7545E+01
0.00012625 6.8084E+01
0.0001265 6.8623E+01
0.00012675 6.9163E+01
0.000127 6.8740E+01
0.00012725 6.5865E+01
0.0001275 6.2989E+01
0.00012775 6.0114E+01
0.000128 5.7238E+01
0.00012825 5.4363E+01
0.0001285 5.3577E+01
0.00012875 5.4835E+01
0.000129 5.6093E+01
0.00012925 5.7351E+01
0.0001295 5.8609E+01
0.00012975 5.9867E+01
0.00013 6.1125E+01
0.00013025 6.2383E+01
0.0001305 6.3641E+01
0.00013075 6.4899E+01
0.000131 6.6157E+01
0.00013125 6.7415E+01
0.0001315 6.7302E+01
0.00013175 6.7123E+01
0.000132 6.6943E+01
0.00013225 6.6763E+01
0.0001325 6.6584E+01
0.00013275 6.6404E+01
0.000133 6.6224E+01
0.00013325 6.6044E+01
0.0001335 6.5865E+01
0.00013375 6.5685E+01
0.000134 6.5505E+01
0.00013425 6.5398E+01
0.0001345 6.5398E+01
0.00013475 6.5398E+01
0.000135 6.5398E+01
0.00013525 6.5398E+01
0.0001355 6.5398E+01
0.00013575 6.4948E+01
0.000136 6.4229E+01
0.00013625 6.3510E+01
0.0001365 6.2791E+01
0.00013675 6.2072E+01
0.000137 6.1354E+01
0.00013725 6.1245E+01
0.0001375 6.1245E+01
0.00013775 6.1245E+01
0.000138 6.1245E+01
0.00013825 6.1245E+01
0.0001385 6.1338E+01
0.00013875 6.2596E+01
0.000139 6.3854E+01
0.00013925 6.5112E+01
0.0001395 6.6370E+01
0.00013975 6.7628E+01
0.00014 6.8512E+01
0.00014025 6.8512E+01
0.0001405 6.8512E+01
0.00014075 6.8512E+01
0.000141 6.8512E+01
0.00014125 6.8512E+01
0.0001415 6.7949E+01
0.00014175 6.6871E+01
0.000142 6.5793E+01
0.00014225 6.4714E+01
0.0001425 6.3636E+01
0.00014275 6.2558E+01
0.000143 6.2954E+01
0.00014325 6.3852E+01
0.0001435 6.4751E+01
0.00014375 6.5649E+01
0.000144 6.6548E+01
0.00014425 6.7446E+01
0.0001445 6.9216E+01
0.00014475 7.1014E+01
0.000145 7.2811E+01
0.00014525 7.4608E+01
0.0001455 7.6405E+01
0.00014575 7.7715E+01
0.000146 7.6996E+01
0.00014625 7.6277E+01
0.0001465 7.5559E+01
0.00014675 7.4840E+01
0.000147 7.4121E+01
0.00014725 7.2276E+01
0.0001475 6.8862E+01
0.00014775 6.5447E+01
0.000148 6.2032E+01
0.00014825 5.8618E+01
0.0001485 5.5203E+01
0.00014875 5.6170E+01
0.000149 5.9585E+01
0.00014925 6.2999E+01
0.0001495 6.6414E+01
0.00014975 6.9829E+01
0.00015 7.3243E+01
0.00015025 7.1835E+01
0.0001505 6.9679E+01
0.00015075 6.7522E+01
0.000151 6.5365E+01
0.00015125 6.3209E+01
0.0001515 6.1487E+01
0.00015175 6.4183E+01
0.000152 6.6878E+01
0.00015225 6.9574E+01
0.0001525 7.2269E+01
0.00015275 7.4965E+01
0.000153 7.6253E+01
0.00015325 7.4456E+01
0.0001535 7.2659E+01
0.00015375 7.0862E+01
0.000154 6.9065E+01
0.00015425 6.7267E+01
0.0001545 6.7112E+01
0.00015475 6.8370E+01
0.000155 6.9628E+01
0.00015525 7.0886E+01
0.0001555 7.2144E+01
0.00015575 7.3402E+01
0.000156 7.5070E+01
0.00015625 7.6867E+01
0.0001565 7.8665E+01
0.00015675 8.0462E+01
0.000157 8.2259E+01
0.00015725 8.4056E+01
0.0001575 8.3375E+01
0.00015775 8.2656E+01
0.000158 8.1937E+01
0.00015825 8.1218E+01
0.0001585 8.0499E+01
0.00015875 8.0081E+01
0.000159 8.0800E+01
0.00015925 8.1519E+01
0.0001595 8.2238E+01
0.00015975 8.2956E+01
0.00016 8.3675E+01
0.00016025 8.2448E+01
0.0001605 7.8674E+01
0.00016075 7.4900E+01
0.000161 7.1125E+01
0.00016125 6.7351E+01
0.0001615 6.3577E+01
0.00016175 6.2520E+01
0.000162 6.2879E+01
0.00016225 6.3239E+01
0.0001625 6.3598E+01
0.00016275 6.3957E+01
0.000163 6.4317E+01
0.00016325 6.6894E+01
0.0001635 6.9769E+01
0.00016375 7.2645E+01
0.000164 7.5520E+01
0.00016425 7.8396E+01
0.0001645 8.0893E+01
0.00016475 8.0174E+01
0.000165 7.9455E+01
0.00016525 7.8736E+01
0.0001655 7.8017E+01
0.00016575 7.7299E+01
0.000166 7.6757E+01
0.00016625 7.6577E+01
0.0001665 7.6398E+01
0.00016675 7.6218E+01
0.000167 7.6038E+01
0.00016725 7.5859E+01
0.0001675 7.6275E+01
0.00016775 7.7174E+01
0.000168 7.8073E+01
0.00016825 7.8971E+01
0.0001685 7.9870E+01
0.00016875 8.0768E+01
0.000169 7.9851E+01
0.00016925 7.8413E+01
0.0001695 7.6976E+01
0.00016975 7.5538E+01
0.00017 7.4100E+01
0.00017025 7.2665E+01
0.0001705 7.3564E+01
0.00017075 7.4462E+01
0.000171 7.5361E+01
0.00017125 7.6260E+01
0.0001715 7.7158E+01
0.00017175 7.7895E+01
0.000172 7.8075E+01
0.00017225 7.8254E+01
0.0001725 7.8434E+01
0.00017275 7.8614E+01
0.000173 7.8793E+01
0.00017325 7.8812E+01
0.0001735 7.8632E+01
0.00017375 7.8452E+01
0.000174 7.8273E+01
0.00017425 7.8093E+01
0.0001745 7.7913E+01
0.00017475 7.7249E+01
0.000175 7.6351E+01
0.00017525 7.5452E+01
0.0001755 7.4554E+01
0.00017575 7.3655E+01
0.000176 7.2756E+01
0.00017625 7.4922E+01
0.0001765 7.7438E+01
0.00017675 7.9954E+01
0.000177 8.2470E+01
0.00017725 8.4986E+01
0.0001775 8.7001E+01
0.00017775 8.5384E+01
0.000178 8.3766E+01
0.00017825 8.2149E+01
0.0001785 8.0531E+01
0.00017875 7.8914E+01
0.000179 7.8102E+01
0.00017925 7.8821E+01
0.0001795 7.9540E+01
0.00017975 8.0259E+01
0.00018 8.0978E+01
0.00018025 8.1697E+01
0.0001805 8.2007E+01
0.00018075 8.2007E+01
0.000181 8.2007E+01
0.00018125 8.2007E+01
0.0001815 8.2007E+01
0.00018175 8.2007E+01
0.000182 8.2149E+01
0.00018225 8.2329E+01
0.0001825 8.2509E+01
0.00018275 8.2688E+01
0.000183 8.2868E+01
0.00018325 8.3063E+01
0.0001835 8.4141E+01
0.00018375 8.5219E+01
0.000184 8.6298E+01
0.00018425 8.7376E+01
0.0001845 8.8454E+01
0.00018475 8.8754E+01
0.000185 8.6597E+01
0.00018525 8.4440E+01
0.0001855 8.2284E+01
0.00018575 8.0127E+01
0.000186 7.7971E+01
0.00018625 7.7150E+01
0.0001865 7.7869E+01
0.00018675 7.8588E+01
0.000187 7.9307E+01
0.00018725 8.0026E+01
0.0001875 8.0745E+01
0.00018775 8.1588E+01
0.000188 8.2486E+01
0.00018825 8.3385E+01
0.0001885 8.4283E+01
0.00018875 8.5182E+01
0.000189 8.6081E+01
0.00018925 8.4682E+01
0.0001895 8.3065E+01
0.00018975 8.1447E+01
0.00019 7.9830E+01
0.00019025 7.8213E+01
0.0001905 7.7357E+01
0.00019075 8.1311E+01
0.000191 8.5265E+01
0.00019125 8.9219E+01
0.0001915 9.3173E+01
0.00019175 9.7126E+01
0.000192 9.7903E+01
0.00019225 9.3050E+01
0.0001925 8.8198E+01
0.00019275 8.3346E+01
0.000193 7.8493E+01
0.00019325 7.3641E+01
0.0001935 7.3203E+01
0.00019375 7.5898E+01
0.000194 7.8594E+01
0.00019425 8.1290E+01
0.0001945 8.3986E+01
0.00019475 8.6681E+01
0.000195 8.7633E+01
0.00019525 8.8172E+01
0.0001955 8.8711E+01
0.00019575 8.9250E+01
0.000196 8.9790E+01
0.00019625 9.0288E+01
0.0001965 8.9569E+01
0.00019675 8.8850E+01
0.000197 8.8131E+01
0.00019725 8.7412E+01
0.0001975 8.6693E+01
0.00019775 8.6297E+01
0.000198 8.6836E+01
0.00019825 8.7376E+01
0.0001985 8.7915E+01
0.00019875 8.8454E+01
0.000199 8.8993E+01
0.00019925 8.9100E+01
0.0001995 8.8741E+01
0.00019975 8.8381E+01
0.0002 8.8022E+01
0.00020025 8.7662E+01
0.0002005 8.7303E+01
0.00020075 8.7704E+01
0.000201 8.8422E+01
0.00020125 8.9141E+01
0.0002015 8.9860E+01
0.00020175 9.0579E+01
0.000202 9.1298E+01
0.00020225 9.0014E+01
0.0002025 8.8576E+01
0.00020275 8.7138E+01
0.000203 8.5701E+01
0.00020325 8.4263E+01
0.0002035 8.3045E+01
0.00020375 8.3045E+01
0.000204 8.3045E+01
0.00020425 8.3045E+01
0.0002045 8.3045E+01
0.00020475 8.3045E+01
0.000205 8.4196E+01
0.00020525 8.7251E+01
0.0002055 9.0306E+01
0.00020575 9.3361E+01
0.000206 9.6416E+01
0.00020625 9.9471E+01
0.0002065 1.0004E+02
0.00020675 9.8966E+01
0.000207 9.7888E+01
0.00020725 9.6809E+01
0.0002075 9.5731E+01
0.00020775 9.4653E+01
0.000208 9.4315E+01
0.00020825 9.4135E+01
0.0002085 9.3956E+01
0.00020875 9.3776E+01
0.000209 9.3596E+01
0.00020925 9.3417E+01
0.0002095 9.3237E+01
0.00020975 9.3057E+01
0.00021 9.2877E+01
0.00021025 9.2698E+01
0.0002105 9.2518E+01
0.00021075 9.2289E+01
0.000211 9.1930E+01
0.00021125 9.1570E+01
0.0002115 9.1211E+01
0.00021175 9.0852E+01
0.000212 9.0492E+01
0.00021225 9.0133E+01
0.0002125 8.9773E+01
0.00021275 8.9414E+01
0.000213 8.9054E+01
0.00021325 8.8695E+01
0.0002135 8.8335E+01
0.00021375 8.8106E+01
0.000214 8.7926E+01
0.00021425 8.7746E+01
0.0002145 8.7566E+01
0.00021475 8.7387E+01
0.000215 8.7207E+01
0.00021525 8.8385E+01
0.0002155 8.9643E+01
0.00021575 9.0901E+01
0.000216 9.2159E+01
0.00021625 9.3417E+01
0.0002165 9.4463E+01
0.00021675 9.4463E+01
0.000217 9.4463E+01
0.00021725 9.4463E+01
0.0002175 9.4463E+01
0.00021775 9.4463E+01
0.000218 9.3829E+01
0.00021825 9.2211E+01
0.0002185 9.0594E+01
0.00021875 8.8976E+01
0.000219 8.7359E+01
0.00021925 8.5741E+01
0.0002195 8.6782E+01
0.00021975 8.9478E+01
0.00022 9.2174E+01
0.00022025 9.4870E+01
0.0002205 9.7566E+01
0.00022075 1.0026E+02
0.000221 1.0311E+02
0.00022125 1.0598E+02
0.0002215 1.0886E+02
0.00022175 1.1173E+02
0.000222 1.1461E+02
0.00022225 1.1698E+02
0.0002225 1.1194E+02
0.00022275 1.0691E+02
0.000223 1.0188E+02
0.00022325 9.6848E+01
0.0002235 9.1816E+01
0.00022375 8.8650E+01
0.000224 9.0087E+01
0.00022425 9.1525E+01
0.0002245 9.2963E+01
0.00022475 9.4401E+01
0.000225 9.5838E+01
0.00022525 9.8013E+01
0.0002255 1.0089E+02
0.00022575 1.0376E+02
0.000226 1.0664E+02
0.00022625 1.0951E+02
0.0002265 1.1239E+02
0.00022675 1.1024E+02
0.000227 1.0628E+02
0.00022725 1.0233E+02
0.0002275 9.8375E+01
0.00022775 9.4421E+01
0.000228 9.0468E+01
0.00022825 9.1519E+01
0.0002285 9.2777E+01
0.00022875 9.4035E+01
0.000229 9.5293E+01
0.00022925 9.6551E+01
0.0002295 9.7379E+01
0.00022975 9.6300E+01
0.00023 9.5222E+01
0.00023025 9.4144E+01
0.0002305 9.3065E+01
0.00023075 9.1987E+01
0.000231 9.2083E+01
0.00023125 9.3880E+01
0.0002315 9.5677E+01
0.00023175 9.7474E+01
0.000232 9.9271E+01
0.00023225 1.0107E+02
0.0002325 1.0241E+02
0.00023275 1.0349E+02
0.000233 1.0457E+02
0.00023325 1.0565E+02
0.0002335 1.0672E+02
0.00023375 1.0780E+02
0.000234 1.0504E+02
0.00023425 1.0162E+02
0.0002345 9.8206E+01
0.00023475 9.4791E+01
0.000235 9.1376E+01
0.00023525 8.8364E+01
0.0002355 8.9982E+01
0.00023575 9.1599E+01
0.000236 9.3217E+01
0.00023625 9.4834E+01
0.0002365 9.6452E+01
0.00023675 9.7468E+01
0.000237 9.7109E+01
0.00023725 9.6749E+01
0.0002375 9.6390E+01
0.00023775 9.6030E+01
0.000238 9.5671E+01
0.00023825 9.6071E+01
0.0002385 9.7149E+01
0.00023875 9.8227E+01
0.000239 9.9306E+01
0.00023925 1.0038E+02
0.0002395 1.0146E+02
0.00023975 1.0362E+02
0.00024 1.0614E+02
0.00024025 1.0865E+02
0.0002405 1.1117E+02
0.00024075 1.1369E+02
0.000241 1.1620E+02
0.00024125 1.1188E+02
0.0002415 1.0738E+02
0.00024175 1.0289E+02
0.000242 9.8398E+01
0.00024225 9.3905E+01
0.0002425 9.0922E+01
0.00024275 9.3977E+01
0.000243 9.7033E+01
0.00024325 1.0009E+02
0.0002435 1.0314E+02
0.00024375 1.0620E+02
0.000244 1.0910E+02
0.00024425 1.1180E+02
0.0002445 1.1449E+02
0.00024475 1.1719E+02
0.000245 1.1988E+02
0.00024525 1.2258E+02
0.0002455 1.2271E+02
0.00024575 1.2146E+02
0.000246 1.2020E+02
0.00024625 1.1894E+02
0.0002465 1.1768E+02
0.00024675 1.1642E+02
0.000247 1.1297E+02
0.00024725 1.0920E+02
0.0002475 1.0542E+02
0.00024775 1.0165E+02
0.000248 9.7875E+01
0.00024825 9.4688E+01
0.0002485 9.7024E+01
0.00024875 9.9360E+01
0.000249 1.0170E+02
0.00024925 1.0403E+02
0.0002495 1.0637E+02
0.00024975 1.0836E+02
0.00025 1.0962E+02
0.00025025 1.1088E+02
0.0002505 1.1213E+02
0.00025075 1.1339E+02
0.000251 1.1465E+02
0.00025125 1.1307E+02
0.0002515 1.0912E+02
0.00025175 1.0517E+02
0.000252 1.0121E+02
0.00025225 9.7258E+01
0.0002525 9.3304E+01
0.00025275 9.3767E+01
0.000253 9.5565E+01
0.00025325 9.7362E+01
0.0002535 9.9159E+01
0.00025375 1.0096E+02
0.000254 1.0275E+02
0.00025425 1.0509E+02
0.0002545 1.0742E+02
0.00025475 1.0976E+02
0.000255 1.1209E+02
0.00025525 1.1443E+02
0.0002555 1.1584E+02
0.00025575 1.1386E+02
0.000256 1.1188E+02
0.00025625 1.0990E+02
0.0002565 1.0793E+02
0.00025675 1.0595E+02
0.000257 1.0548E+02
0.00025725 1.0691E+02
0.0002575 1.0835E+02
0.00025775 1.0979E+02
0.000258 1.1123E+02
0.00025825 1.1266E+02
0.0002585 1.1351E+02
0.00025875 1.1405E+02
0.000259 1.1458E+02
0.00025925 1.1512E+02
0.0002595 1.1566E+02
0.00025975 1.1620E+02
0.00026 1.1307E+02
0.00026025 1.0948E+02
0.0002605 1.0588E+02
0.00026075 1.0229E+02
0.000261 9.8695E+01
0.00026125 9.5782E+01
0.0002615 9.8298E+01
0.00026175 1.0081E+02
0.000262 1.0333E+02
0.00026225 1.0585E+02
0.0002625 1.0836E+02
0.00026275 1.1142E+02
0.000263 1.1555E+02
0.00026325 1.1969E+02
0.0002635 1.2382E+02
0.00026375 1.2796E+02
0.000264 1.3209E+02
0.00026425 1.2959E+02
0.0002645 1.2186E+02
0.00026475 1.1413E+02
0.000265 1.0640E+02
0.00026525 9.8673E+01
0.0002655 9.0945E+01
0.00026575 9.3498E+01
0.000266 9.8889E+01
0.00026625 1.0428E+02
0.0002665 1.0967E+02
0.00026675 1.1506E+02
0.000267 1.2041E+02
0.00026725 1.2041E+02
0.0002675 1.2041E+02
0.00026775 1.2041E+02
0.000268 1.2041E+02
0.00026825 1.2041E+02
0.0002685 1.2046E+02
0.00026875 1.2064E+02
0.000269 1.2082E+02
0.00026925 1.2100E+02
0.0002695 1.2118E+02
0.00026975 1.2136E+02
0.00027 1.2031E+02
0.00027025 1.1779E+02
0.0002705 1.1527E+02
0.00027075 1.1276E+02
0.000271 1.1024E+02
0.00027125 1.0773E+02
0.0002715 1.0753E+02
0.00027175 1.0843E+02
0.000272 1.0933E+02
0.00027225 1.1023E+02
0.0002725 1.1113E+02
0.00027275 1.1202E+02
0.000273 1.1471E+02
0.00027325 1.1758E+02
0.0002735 1.2046E+02
0.00027375 1.2334E+02
0.000274 1.2621E+02
0.00027425 1.2870E+02
0.0002745 1.2852E+02
0.00027475 1.2834E+02
0.000275 1.2816E+02
0.00027525 1.2798E+02
0.0002755 1.2780E+02
0.00027575 1.2610E+02
0.000276 1.2161E+02
0.00027625 1.1712E+02
0.0002765 1.1262E+02
0.00027675 1.0813E+02
0.000277 1.0364E+02
0.00027725 1.0245E+02
0.0002775 1.0371E+02
0.00027775 1.0497E+02
0.000278 1.0623E+02
0.00027825 1.0749E+02
0.0002785 1.0874E+02
0.00027875 1.1158E+02
0.000279 1.1482E+02
0.00027925 1.1805E+02
0.0002795 1.2129E+02
0.00027975 1.2452E+02
0.00028 1.2756E+02
0.00028025 1.2235E+02
0.0002805 1.1713E+02
0.00028075 1.1192E+02
0.000281 1.0671E+02
0.00028125 1.0150E+02
0.0002815 9.8645E+01
0.00028175 1.0296E+02
0.000282 1.0727E+02
0.00028225 1.1159E+02
0.0002825 1.1590E+02
0.00028275 1.2021E+02
0.000283 1.2241E+02
0.00028325 1.2223E+02
0.0002835 1.2205E+02
0.00028375 1.2187E+02
0.000284 1.2169E+02
0.00028425 1.2151E+02
0.0002845 1.2295E+02
0.00028475 1.2511E+02
0.000285 1.2727E+02
0.00028525 1.2942E+02
0.0002855 1.3158E+02
0.00028575 1.3374E+02
0.000286 1.3094E+02
0.00028625 1.2770E+02
0.0002865 1.2447E+02
0.00028675 1.2123E+02
0.000287 1.1800E+02
0.00028725 1.1517E+02
0.0002875 1.1481E+02
0.00028775 1.1445E+02
0.000288 1.1409E+02
0.00028825 1.1374E+02
0.0002885 1.1338E+02
0.00028875 1.1434E+02
0.000289 1.1757E+02
0.00028925 1.2081E+02
0.0002895 1.2404E+02
0.00028975 1.2728E+02
0.00029 1.3051E+02
0.00029025 1.3120E+02
0.0002905 1.3012E+02
0.00029075 1.2904E+02
0.000291 1.2796E+02
0.00029125 1.2688E+02
0.0002915 1.2580E+02
0.00029175 1.2399E+02
0.000292 1.2202E+02
0.00029225 1.2004E+02
0.0002925 1.1806E+02
0.00029275 1.1609E+02
0.000293 1.1431E+02
0.00029325 1.1736E+02
0.0002935 1.2042E+02
0.00029375 1.2347E+02
0.000294 1.2653E+02
0.00029425 1.2958E+02
0.0002945 1.3188E+02
0.00029475 1.3206E+02
0.000295 1.3224E+02
0.00029525 1.3242E+02
0.0002955 1.3260E+02
0.00029575 1.3278E+02
0.000296 1.3191E+02
0.00029625 1.2993E+02
0.0002965 1.2795E+02
0.00029675 1.2598E+02
0.000297 1.2400E+02
0.00029725 1.2202E+02
0.0002975 1.2222E+02
0.00029775 1.2330E+02
0.000298 1.2438E+02
0.00029825 1.2545E+02
0.0002985 1.2653E+02
0.00029875 1.2761E+02
0.000299 1.2852E+02
0.00029925 1.2942E+02
0.0002995 1.3032E+02
0.00029975 1.3122E+02
0.0003 1.3212E+02
0.00030025 1.3264E+02
0.0003005 1.3120E+02
0.00030075 1.2977E+02
0.000301 1.2833E+02
0.00030125 1.2689E+02
0.0003015 1.2545E+02
0.00030175 1.2457E+02
0.000302 1.2457E+02
0.00030225 1.2457E+02
0.0003025 1.2457E+02
0.00030275 1.2457E+02
0.000303 1.2457E+02
0.00030325 1.2457E+02
0.0003035 1.2457E+02
0.00030375 1.2457E+02
0.000304 1.2457E+02
0.00030425 1.2457E+02
0.0003045 1.2457E+02
0.00030475 1.2502E+02
0.000305 1.2555E+02
0.00030525 1.2609E+02
0.0003055 1.2663E+02
0.00030575 1.2717E+02
0.000306 1.2762E+02
0.00030625 1.2654E+02
0.0003065 1.2547E+02
0.00030675 1.2439E+02
0.000307 1.2331E+02
0.00030725 1.2223E+02
0.0003075 1.2236E+02
0.00030775 1.2559E+02
0.000308 1.2883E+02
0.00030825 1.3206E+02
0.0003085 1.3530E+02
0.00030875 1.3853E+02
0.000309 1.3851E+02
0.00030925 1.3528E+02
0.0003095 1.3204E+02
0.00030975 1.2881E+02
0.00031 1.2557E+02
0.00031025 1.2234E+02
0.0003105 1.2315E+02
0.00031075 1.2549E+02
0.000311 1.2782E+02
0.00031125 1.3016E+02
0.0003115 1.3250E+02
0.00031175 1.3483E+02
0.000312 1.3307E+02
0.00031225 1.3109E+02
0.0003125 1.2911E+02
0.00031275 1.2714E+02
0.000313 1.2516E+02
0.00031325 1.2400E+02
0.0003135 1.2670E+02
0.00031375 1.2939E+02
0.000314 1.3209E+02
0.00031425 1.3478E+02
0.0003145 1.3748E+02
0.00031475 1.3924E+02
0.000315 1.3960E+02
0.00031525 1.3996E+02
0.0003155 1.4032E+02
0.00031575 1.4068E+02
0.000316 1.4104E+02
0.00031625 1.4006E+02
0.0003165 1.3826E+02
0.00031675 1.3646E+02
0.000317 1.3467E+02
0.00031725 1.3287E+02
0.0003175 1.3107E+02
0.00031775 1.3186E+02
0.000318 1.3312E+02
0.00031825 1.3438E+02
0.0003185 1.3563E+02
0.00031875 1.3689E+02
0.000319 1.3816E+02
0.00031925 1.3960E+02
0.0003195 1.4104E+02
0.00031975 1.4248E+02
0.00032 1.4391E+02
0.00032025 1.4535E+02
0.0003205 1.4637E+02
0.00032075 1.4637E+02
0.000321 1.4637E+02
0.00032125 1.4637E+02
0.0003215 1.4637E+02
0.00032175 1.4637E+02
0.000322 1.4404E+02
0.00032225 1.3954E+02
0.0003225 1.3505E+02
0.00032275 1.3056E+02
0.000323 1.2606E+02
0.00032325 1.2157E+02
0.0003235 1.2282E+02
0.00032375 1.2605E+02
0.000324 1.2929E+02
0.00032425 1.3252E+02
0.0003245 1.3576E+02
0.00032475 1.3899E+02
0.000325 1.3962E+02
0.00032525 1.4016E+02
0.0003255 1.4070E+02
0.00032575 1.4124E+02
0.000326 1.4178E+02
0.00032625 1.4136E+02
0.0003265 1.3686E+02
0.00032675 1.3237E+02
0.000327 1.2788E+02
0.00032725 1.2338E+02
0.0003275 1.1889E+02
0.00032775 1.1828E+02
0.000328 1.2313E+02
0.00032825 1.2798E+02
0.0003285 1.3283E+02
0.00032875 1.3769E+02
0.000329 1.4254E+02
0.00032925 1.4314E+02
0.0003295 1.4134E+02
0.00032975 1.3955E+02
0.00033 1.3775E+02
0.00033025 1.3595E+02
0.0003305 1.3416E+02
0.00033075 1.3313E+02
0.000331 1.3224E+02
0.00033125 1.3134E+02
0.0003315 1.3044E+02
0.00033175 1.2954E+02
0.000332 1.2888E+02
0.00033225 1.3067E+02
0.0003325 1.3247E+02
0.00033275 1.3427E+02
0.000333 1.3606E+02
0.00033325 1.3786E+02
0.0003335 1.3916E+02
0.00033375 1.3934E+02
0.000334 1.3952E+02
0.00033425 1.3969E+02
0.0003345 1.3987E+02
0.00033475 1.4005E+02
0.000335 1.4091E+02
0.00033525 1.4234E+02
0.0003355 1.4378E+02
0.00033575 1.4522E+02
0.000336 1.4666E+02
0.00033625 1.4810E+02
0.0003365 1.4749E+02
0.00033675 1.4623E+02
0.000337 1.4497E+02
0.00033725 1.4371E+02
0.0003375 1.4246E+02
0.00033775 1.4120E+02
0.000338 1.4188E+02
0.00033825 1.4260E+02
0.0003385 1.4332E+02
0.00033875 1.4404E+02
0.000339 1.4476E+02
0.00033925 1.4533E+02
0.0003395 1.4533E+02
0.00033975 1.4533E+02
0.00034 1.4533E+02
0.00034025 1.4533E+02
0.0003405 1.4533E+02
0.00034075 1.4455E+02
0.000341 1.4276E+02
0.00034125 1.4096E+02
0.0003415 1.3916E+02
0.00034175 1.3737E+02
0.000342 1.3557E+02
0.00034225 1.3612E+02
0.0003425 1.3792E+02
0.00034275 1.3972E+02
0.000343 1.4152E+02
0.00034325 1.4331E+02
0.0003435 1.4511E+02
0.00034375 1.4659E+02
0.000344 1.4803E+02
0.00034425 1.4947E+02
0.0003445 1.5090E+02
0.00034475 1.5234E+02
0.000345 1.5338E+02
0.00034525 1.5086E+02
0.0003455 1.4834E+02
0.00034575 1.4583E+02
0.000346 1.4331E+02
0.00034625 1.4079E+02
0.0003465 1.3922E+02
0.00034675 1.3958E+02
0.000347 1.3994E+02
0.00034725 1.4030E+02
0.0003475 1.4065E+02
0.00034775 1.4101E+02
0.000348 1.4147E+02
0.00034825 1.4201E+02
0.0003485 1.4255E+02
0.00034875 1.4309E+02
0.000349 1.4363E+02
0.00034925 1.4417E+02
0.0003495 1.4415E+02
0.00034975 1.4397E+02
0.00035 1.4379E+02
0.00035025 1.4361E+02
0.0003505 1.4343E+02
0.00035075 1.4325E+02
0.000351 1.4307E+02
0.00035125 1.4289E+02
0.0003515 1.4271E+02
0.00035175 1.4253E+02
0.000352 1.4235E+02
0.00035225 1.4337E+02
0.0003525 1.4858E+02
0.00035275 1.5380E+02
0.000353 1.5901E+02
0.00035325 1.6422E+02
0.0003535 1.6943E+02
0.00035375 1.6967E+02
0.000354 1.6374E+02
0.00035425 1.5781E+02
0.0003545 1.5188E+02
0.00035475 1.4595E+02
0.000355 1.4002E+02
0.00035525 1.4071E+02
0.0003555 1.4467E+02
0.00035575 1.4862E+02
0.000356 1.5257E+02
0.00035625 1.5653E+02
0.0003565 1.6048E+02
0.00035675 1.5993E+02
0.000357 1.5886E+02
0.00035725 1.5778E+02
0.0003575 1.5670E+02
0.00035775 1.5562E+02
0.000358 1.5459E+02
0.00035825 1.5387E+02
0.0003585 1.5315E+02
0.00035875 1.5243E+02
0.000359 1.5171E+02
0.00035925 1.5099E+02
0.0003595 1.5021E+02
0.00035975 1.4931E+02
0.00036 1.4841E+02
0.00036025 1.4752E+02
0.0003605 1.4662E+02
0.00036075 1.4572E+02
0.000361 1.4574E+02
0.00036125 1.4645E+02
0.0003615 1.4717E+02
0.00036175 1.4789E+02
0.000362 1.4861E+02
0.00036225 1.4933E+02
0.0003625 1.4962E+02
0.00036275 1.4980E+02
0.000363 1.4998E+02
0.00036325 1.5016E+02
0.0003635 1.5034E+02
0.00036375 1.5054E+02
0.000364 1.5198E+02
0.00036425 1.5341E+02
0.0003645 1.5485E+02
0.00036475 1.5629E+02
0.000365 1.5773E+02
0.00036525 1.5929E+02
0.0003655 1.6127E+02
0.00036575 1.6325E+02
0.000366 1.6522E+02
0.00036625 1.6720E+02
0.0003665 1.6918E+02
0.00036675 1.6875E+02
0.000367 1.6551E+02
0.00036725 1.6228E+02
0.0003675 1.5904E+02
0.00036775 1.5581E+02
0.000368 1.5257E+02
0.00036825 1.5180E+02
0.0003685 1.5216E+02
0.00036875 1.5252E+02
0.000369 1.5288E+02
0.00036925 1.5324E+02
0.0003695 1.5360E+02
0.00036975 1.5560E+02
0.00037 1.5775E+02
0.00037025 1.5991E+02
0.0003705 1.6207E+02
0.00037075 1.6422E+02
0.000371 1.6554E+02
0.00037125 1.6140E+02
0.0003715 1.5727E+02
0.00037175 1.5313E+02
0.000372 1.4900E+02
0.00037225 1.4487E+02
0.0003725 1.4421E+02
0.00037275 1.4978E+02
0.000373 1.5535E+02
0.00037325 1.6092E+02
0.0003735 1.6649E+02
0.00037375 1.7206E+02
0.000374 1.7293E+02
0.00037425 1.7041E+02
0.0003745 1.6790E+02
0.00037475 1.6538E+02
0.000375 1.6287E+02
0.00037525 1.6035E+02
0.0003755 1.6044E+02
0.00037575 1.6116E+02
0.000376 1.6188E+02
0.00037625 1.6260E+02
0.0003765 1.6332E+02
0.00037675 1.6399E+02
0.000377 1.6309E+02
0.00037725 1.6219E+02
0.0003775 1.6129E+02
0.00037775 1.6039E+02
0.000378 1.5949E+02
0.00037825 1.5873E+02
0.0003785 1.5837E+02
0.00037875 1.5801E+02
0.000379 1.5765E+02
0.00037925 1.5729E+02
0.0003795 1.5693E+02
0.00037975 1.5589E+02
0.00038 1.5409E+02
0.00038025 1.5229E+02
0.0003805 1.5050E+02
0.00038075 1.4870E+02
0.000381 1.4690E+02
0.00038125 1.4889E+02
0.0003815 1.5248E+02
0.00038175 1.5608E+02
0.000382 1.5967E+02
0.00038225 1.6327E+02
0.0003825 1.6686E+02
0.00038275 1.6796E+02
0.000383 1.6886E+02
0.00038325 1.6976E+02
0.0003835 1.7066E+02
0.00038375 1.7155E+02
0.000384 1.7175E+02
0.00038425 1.6798E+02
0.0003845 1.6420E+02
0.00038475 1.6043E+02
0.000385 1.5666E+02
0.00038525 1.5288E+02
0.0003855 1.5213E+02
0.00038575 1.5644E+02
0.000386 1.6076E+02
0.00038625 1.6507E+02
0.0003865 1.6938E+02
0.00038675 1.7370E+02
0.000387 1.7489E+02
0.00038725 1.7400E+02
0.0003875 1.7310E+02
0.00038775 1.7220E+02
0.000388 1.7130E+02
0.00038825 1.7040E+02
0.0003885 1.6965E+02
0.00038875 1.6893E+02
0.000389 1.6821E+02
0.00038925 1.6749E+02
0.0003895 1.6678E+02
0.00038975 1.6606E+02
0.00039 1.6534E+02
0.00039025 1.6462E+02
0.0003905 1.6390E+02
0.00039075 1.6318E+02
0.000391 1.6246E+02
0.00039125 1.6257E+02
0.0003915 1.6490E+02
0.00039175 1.6724E+02
0.000392 1.6958E+02
0.00039225 1.7191E+02
0.0003925 1.7425E+02
0.00039275 1.7623E+02
0.000393 1.7785E+02
0.00039325 1.7947E+02
0.0003935 1.8108E+02
0.00039375 1.8270E+02
0.000394 1.8432E+02
0.00039425 1.8065E+02
0.0003945 1.7490E+02
0.00039475 1.6915E+02
0.000395 1.6339E+02
0.00039525 1.5764E+02
0.0003955 1.5189E+02
0.00039575 1.5409E+02
0.000396 1.5679E+02
0.00039625 1.5949E+02
0.0003965 1.6218E+02
0.00039675 1.6488E+02
0.000397 1.6692E+02
0.00039725 1.6566E+02
0.0003975 1.6440E+02
0.00039775 1.6314E+02
0.000398 1.6189E+02
0.00039825 1.6063E+02
0.0003985 1.6000E+02
0.00039875 1.6036E+02
0.000399 1.6072E+02
0.00039925 1.6108E+02
0.0003995 1.6144E+02
0.00039975 1.6180E+02
0.0004 1.6216E+02
0.00040025 1.6252E+02
0.0004005 1.6288E+02
0.00040075 1.6324E+02
0.000401 1.6360E+02
0.00040125 1.6395E+02
0.0004015 1.6672E+02
0.00040175 1.6996E+02
0.000402 1.7319E+02
0.00040225 1.7643E+02
0.0004025 1.7966E+02
0.00040275 1.8251E+02
0.000403 1.7945E+02
0.00040325 1.7640E+02
0.0004035 1.7334E+02
0.00040375 1.7029E+02
0.000404 1.6723E+02
0.00040425 1.6459E+02
0.0004045 1.6297E+02
0.00040475 1.6135E+02
0.000405 1.5974E+02
0.00040525 1.5812E+02
0.0004055 1.5650E+02
0.00040575 1.5763E+02
0.000406 1.6141E+02
0.00040625 1.6518E+02
0.0004065 1.6895E+02
0.00040675 1.7273E+02
0.000407 1.7650E+02
0.00040725 1.7711E+02
0.0004075 1.7657E+02
0.00040775 1.7603E+02
0.000408 1.7549E+02
0.00040825 1.7496E+02
0.0004085 1.7442E+02
0.00040875 1.7319E+02
0.000409 1.7193E+02
0.00040925 1.7067E+02
0.0004095 1.6942E+02
0.00040975 1.6816E+02
0.00041 1.6716E+02
0.00041025 1.6734E+02
0.0004105 1.6752E+02
0.00041075 1.6770E+02
0.000411 1.6788E+02
0.00041125 1.6806E+02
0.0004115 1.6933E+02
0.00041175 1.7221E+02
0.000412 1.7508E+02
0.00041225 1.7796E+02
0.0004125 1.8083E+02
0.00041275 1.8371E+02
0.000413 1.8047E+02
0.00041325 1.7365E+02
0.0004135 1.6682E+02
0.00041375 1.5999E+02
0.000414 1.5316E+02
0.00041425 1.4633E+02
0.0004145 1.5269E+02
0.00041475 1.6132E+02
0.000415 1.6994E+02
0.00041525 1.7857E+02
0.0004155 1.8719E+02
0.00041575 1.9491E+02
0.000416 1.9167E+02
0.00041625 1.8844E+02
0.0004165 1.8520E+02
0.00041675 1.8197E+02
0.000417 1.7873E+02
0.00041725 1.7679E+02
0.0004175 1.7787E+02
0.00041775 1.7895E+02
0.000418 1.8003E+02
0.00041825 1.8111E+02
0.0004185 1.8219E+02
0.00041875 1.7996E+02
0.000419 1.7475E+02
0.00041925 1.6954E+02
0.0004195 1.6433E+02
0.00041975 1.5911E+02
0.00042 1.5390E+02
0.00042025 1.5623E+02
0.0004205 1.6108E+02
0.00042075 1.6593E+02
0.000421 1.7079E+02
0.00042125 1.7564E+02
0.0004215 1.8049E+02
0.00042175 1.8272E+02
0.000422 1.8488E+02
0.00042225 1.8703E+02
0.0004225 1.8919E+02
0.00042275 1.9135E+02
0.000423 1.9280E+02
0.00042325 1.9136E+02
0.0004235 1.8992E+02
0.00042375 1.8848E+02
0.000424 1.8704E+02
0.00042425 1.8561E+02
0.0004245 1.8334E+02
0.00042475 1.7992E+02
0.000425 1.7651E+02
0.00042525 1.7309E+02
0.0004255 1.6968E+02
0.00042575 1.6626E+02
0.000426 1.6911E+02
0.00042625 1.7540E+02
0.0004265 1.8169E+02
0.00042675 1.8798E+02
0.000427 1.9427E+02
0.00042725 2.0056E+02
0.0004275 1.9732E+02
0.00042775 1.9265E+02
0.000428 1.8798E+02
0.00042825 1.8330E+02
0.0004285 1.7863E+02
0.00042875 1.7465E+02
0.000429 1.7734E+02
0.00042925 1.8004E+02
0.0004295 1.8273E+02
0.00042975 1.8543E+02
0.00043 1.8812E+02
0.00043025 1.8900E+02
0.0004305 1.8594E+02
0.00043075 1.8289E+02
0.000431 1.7983E+02
0.00043125 1.7677E+02
0.0004315 1.7372E+02
0.00043175 1.7339E+02
0.000432 1.7536E+02
0.00043225 1.7734E+02
0.0004325 1.7932E+02
0.00043275 1.8130E+02
0.000433 1.8327E+02
0.00043325 1.8387E+02
0.0004335 1.8405E+02
0.00043375 1.8423E+02
0.000434 1.8441E+02
0.00043425 1.8459E+02
0.0004345 1.8477E+02
0.00043475 1.8424E+02
0.000435 1.8370E+02
0.00043525 1.8316E+02
0.0004355 1.8262E+02
0.00043575 1.8208E+02
0.000436 1.8185E+02
0.00043625 1.8275E+02
0.0004365 1.8365E+02
0.00043675 1.8455E+02
0.000437 1.8545E+02
0.00043725 1.8634E+02
0.0004375 1.8685E+02
0.00043775 1.8685E+02
0.000438 1.8685E+02
0.00043825 1.8685E+02
0.0004385 1.8685E+02
0.00043875 1.8685E+02
0.000439 1.8804E+02
0.00043925 1.8984E+02
0.0004395 1.9163E+02
0.00043975 1.9343E+02
0.00044 1.9523E+02
0.00044025 1.9702E+02
0.0004405 1.9278E+02
0.00044075 1.8775E+02
0.000441 1.8271E+02
0.00044125 1.7768E+02
0.0004415 1.7265E+02
0.00044175 1.6856E+02
0.000442 1.7215E+02
0.00044225 1.7575E+02
0.0004425 1.7934E+02
0.00044275 1.8293E+02
0.000443 1.8653E+02
0.00044325 1.8911E+02
0.0004435 1.8965E+02
0.00044375 1.9018E+02
0.000444 1.9072E+02
0.00044425 1.9126E+02
0.0004445 1.9180E+02
0.00044475 1.9124E+02
0.000445 1.8980E+02
0.00044525 1.8836E+02
0.0004455 1.8693E+02
0.00044575 1.8549E+02
0.000446 1.8405E+02
0.00044625 1.8275E+02
0.0004465 1.8150E+02
0.00044675 1.8024E+02
0.000447 1.7898E+02
0.00044725 1.7772E+02
0.0004475 1.7649E+02
0.00044775 1.8044E+02
0.000448 1.8440E+02
0.00044825 1.8835E+02
0.0004485 1.9230E+02
0.00044875 1.9626E+02
0.000449 1.9968E+02
0.00044925 2.0129E+02
0.0004495 2.0291E+02
0.00044975 2.0453E+02
0.00045 2.0615E+02
0.00045025 2.0776E+02
0.0004505 2.0881E+02
0.00045075 2.0917E+02
0.000451 2.0953E+02
0.00045125 2.0989E+02
0.0004515 2.1025E+02
0.00045175 2.1061E+02
0.000452 2.0732E+02
0.00045225 2.0229E+02
0.0004525 1.9726E+02
0.00045275 1.9222E+02
0.000453 1.8719E+02
0.00045325 1.8216E+02
0.0004535 1.8636E+02
0.00045375 1.9157E+02
0.000454 1.9678E+02
0.00045425 2.0199E+02
0.0004545 2.0720E+02
0.00045475 2.1129E+02
0.000455 2.0752E+02
0.00045525 2.0374E+02
0.0004555 1.9997E+02
0.00045575 1.9620E+02
0.000456 1.9242E+02
0.00045625 1.9022E+02
0.0004565 1.9093E+02
0.00045675 1.9165E+02
0.000457 1.9237E+02
0.00045725 1.9309E+02
0.0004575 1.9381E+02
0.00045775 1.9309E+02
0.000458 1.9129E+02
0.00045825 1.8949E+02
0.0004585 1.8770E+02
0.00045875 1.8590E+02
0.000459 1.8410E+02
0.00045925 1.8503E+02
0.0004595 1.8664E+02
0.00045975 1.8826E+02
0.00046 1.8988E+02
0.00046025 1.9149E+02
0.0004605 1.9311E+02
0.00046075 1.9455E+02
0.000461 1.9598E+02
0.00046125 1.9742E+02
0.0004615 1.9886E+02
0.00046175 2.0030E+02
0.000462 2.0046E+02
0.00046225 1.9669E+02
0.0004625 1.9291E+02
0.00046275 1.8914E+02
0.000463 1.8536E+02
0.00046325 1.8159E+02
0.0004635 1.8203E+02
0.00046375 1.8724E+02
0.000464 1.9245E+02
0.00046425 1.9766E+02
0.0004645 2.0287E+02
0.00046475 2.0809E+02
0.000465 2.0869E+02
0.00046525 2.0725E+02
0.0004655 2.0582E+02
0.00046575 2.0438E+02
0.000466 2.0294E+02
0.00046625 2.0150E+02
0.0004665 2.0303E+02
0.00046675 2.0483E+02
0.000467 2.0663E+02
0.00046725 2.0842E+02
0.0004675 2.1022E+02
0.00046775 2.1144E+02
0.000468 2.0910E+02
0.00046825 2.0676E+02
0.0004685 2.0443E+02
0.00046875 2.0209E+02
0.000469 1.9975E+02
0.00046925 1.9866E+02
0.0004695 1.9974E+02
0.00046975 2.0082E+02
0.00047 2.0190E+02
0.00047025 2.0298E+02
0.0004705 2.0405E+02
0.00047075 2.0418E+02
0.000471 2.0364E+02
0.00047125 2.0310E+02
0.0004715 2.0256E+02
0.00047175 2.0202E+02
0.000472 2.0148E+02
0.00047225 2.0182E+02
0.0004725 2.0236E+02
0.00047275 2.0290E+02
0.000473 2.0344E+02
0.00047325 2.0398E+02
0.0004735 2.0444E+02
0.00047375 2.0282E+02
0.000474 2.0120E+02
0.00047425 1.9959E+02
0.0004745 1.9797E+02
0.00047475 1.9635E+02
0.000475 1.9520E+02
0.00047525 1.9538E+02
0.0004755 1.9556E+02
0.00047575 1.9574E+02
0.000476 1.9592E+02
0.00047625 1.9610E+02
0.0004765 1.9637E+02
0.00047675 1.9673E+02
0.000477 1.9709E+02
0.00047725 1.9745E+02
0.0004775 1.9780E+02
0.00047775 1.9816E+02
0.000478 1.9649E+02
0.00047825 1.9397E+02
0.0004785 1.9145E+02
0.00047875 1.8894E+02
0.000479 1.8642E+02
0.00047925 1.8391E+02
0.0004795 1.8642E+02
0.00047975 1.8929E+02
0.00048 1.9217E+02
0.00048025 1.9504E+02
0.0004805 1.9792E+02
0.00048075 2.0004E+02
0.000481 1.9806E+02
0.00048125 1.9608E+02
0.0004815 1.9411E+02
0.00048175 1.9213E+02
0.000482 1.9015E+02
0.00048225 1.9146E+02
0.0004825 1.9811E+02
0.00048275 2.0476E+02
0.000483 2.1140E+02
0.00048325 2.1805E+02
0.0004835 2.2470E+02
0.00048375 2.2440E+02
0.000484 2.1955E+02
0.00048425 2.1470E+02
0.0004845 2.0985E+02
0.00048475 2.0499E+02
0.000485 2.0014E+02
0.00048525 1.9975E+02
0.0004855 2.0029E+02
0.00048575 2.0083E+02
0.000486 2.0137E+02
0.00048625 2.0191E+02
0.0004865 2.0239E+02
0.00048675 2.0185E+02
0.000487 2.0131E+02
0.00048725 2.0078E+02
0.0004875 2.0024E+02
0.00048775 1.9970E+02
0.000488 2.0144E+02
0.00048825 2.0917E+02
0.0004885 2.1690E+02
0.00048875 2.2463E+02
0.000489 2.3235E+02
0.00048925 2.4008E+02
0.0004895 2.3873E+02
0.00048975 2.2831E+02
0.00049 2.1788E+02
0.00049025 2.0746E+02
0.0004905 1.9703E+02
0.00049075 1.8661E+02
0.000491 1.8647E+02
0.00049125 1.9024E+02
0.0004915 1.9402E+02
0.00049175 1.9779E+02
0.000492 2.0157E+02
0.00049225 2.0534E+02
0.0004925 2.0673E+02
0.00049275 2.0799E+02
0.000493 2.0924E+02
0.00049325 2.1050E+02
0.0004935 2.1176E+02
0.00049375 2.1215E+02
0.000494 2.0838E+02
0.00049425 2.0460E+02
0.0004945 2.0083E+02
0.00049475 1.9706E+02
0.000495 1.9328E+02
0.00049525 1.9371E+02
0.0004955 2.0054E+02
0.00049575 2.0737E+02
0.000496 2.1420E+02
0.00049625 2.2103E+02
0.0004965 2.2785E+02
0.00049675 2.2666E+02
0.000497 2.2055E+02
0.00049725 2.1444E+02
0.0004975 2.0833E+02
0.00049775 2.0222E+02
0.000498 1.9611E+02
0.00049825 2.0031E+02
0.0004985 2.0642E+02
0.00049875 2.1253E+02
0.000499 2.1864E+02
0.00049925 2.2475E+02
0.0004995 2.3027E+02
0.00049975 2.2757E+02
0.0005 2.2487E+02
0.00050025 2.2218E+02
0.0005005 2.1948E+02
0.00050075 2.1679E+02
0.000501 2.1435E+02
0.00050125 2.1256E+02
0.0005015 2.1076E+02
0.00050175 2.0896E+02
0.000502 2.0716E+02
0.00050225 2.0537E+02
0.0005025 2.0607E+02
0.00050275 2.0913E+02
0.000503 2.1218E+02
0.00050325 2.1524E+02
0.0005035 2.1830E+02
0.00050375 2.2135E+02
0.000504 2.2268E+02
0.00050425 2.2340E+02
0.0005045 2.2411E+02
0.00050475 2.2483E+02
0.000505 2.2555E+02
0.00050525 2.2627E+02
0.0005055 2.2127E+02
0.00050575 2.1606E+02
0.000506 2.1085E+02
0.00050625 2.0564E+02
0.0005065 2.0043E+02
0.00050675 1.9690E+02
0.000507 2.0068E+02
0.00050725 2.0445E+02
0.0005075 2.0822E+02
0.00050775 2.1200E+02
0.000508 2.1577E+02
0.00050825 2.1770E+02
0.0005085 2.1698E+02
0.00050875 2.1626E+02
0.000509 2.1554E+02
0.00050925 2.1482E+02
0.0005095 2.1410E+02
0.00050975 2.1155E+02
0.00051 2.0796E+02
0.00051025 2.0437E+02
0.0005105 2.0077E+02
0.00051075 1.9718E+02
0.000511 1.9358E+02
0.00051125 1.9772E+02
0.0005115 2.0311E+02
0.00051175 2.0850E+02
0.000512 2.1389E+02
0.00051225 2.1928E+02
0.0005125 2.2415E+02
0.00051275 2.2325E+02
0.000513 2.2235E+02
0.00051325 2.2145E+02
0.0005135 2.2055E+02
0.00051375 2.1965E+02
0.000514 2.1925E+02
0.00051425 2.1997E+02
0.0005145 2.2069E+02
0.00051475 2.2141E+02
0.000515 2.2213E+02
0.00051525 2.2285E+02
0.0005155 2.2519E+02
0.00051575 2.2896E+02
0.000516 2.3274E+02
0.00051625 2.3651E+02
0.0005165 2.4029E+02
0.00051675 2.4406E+02
0.000517 2.4227E+02
0.00051725 2.3867E+02
0.0005175 2.3508E+02
0.00051775 2.3148E+02
0.000518 2.2789E+02
0.00051825 2.2429E+02
0.0005185 2.2369E+02
0.00051875 2.2315E+02
0.000519 2.2261E+02
0.00051925 2.2207E+02
0.0005195 2.2154E+02
0.00051975 2.2103E+02
0.00052 2.2067E+02
0.00052025 2.2031E+02
0.0005205 2.1995E+02
0.00052075 2.1960E+02
0.000521 2.1924E+02
0.00052125 2.1980E+02
0.0005215 2.2160E+02
0.00052175 2.2339E+02
0.000522 2.2519E+02
0.00052225 2.2699E+02
0.0005225 2.2879E+02
0.00052275 2.2836E+02
0.000523 2.2674E+02
0.00052325 2.2512E+02
0.0005235 2.2350E+02
0.00052375 2.2189E+02
0.000524 2.2027E+02
0.00052425 2.2023E+02
0.0005245 2.2041E+02
0.00052475 2.2059E+02
0.000525 2.2076E+02
0.00052525 2.2094E+02
0.0005255 2.2155E+02
0.00052575 2.2605E+02
0.000526 2.3054E+02
0.00052625 2.3503E+02
0.0005265 2.3953E+02
0.00052675 2.4402E+02
0.000527 2.4555E+02
0.00052725 2.4087E+02
0.0005275 2.3620E+02
0.00052775 2.3153E+02
0.000528 2.2685E+02
0.00052825 2.2218E+02
0.0005285 2.2056E+02
0.00052875 2.2146E+02
0.000529 2.2236E+02
0.00052925 2.2326E+02
0.0005295 2.2415E+02
0.00052975 2.2505E+02
0.00053 2.2512E+02
0.00053025 2.2494E+02
0.0005305 2.2476E+02
0.00053075 2.2458E+02
0.000531 2.2440E+02
0.00053125 2.2422E+02
0.0005315 2.2529E+02
0.00053175 2.2637E+02
0.000532 2.2745E+02
0.00053225 2.2853E+02
0.0005325 2.2961E+02
0.00053275 2.3057E+02
0.000533 2.3111E+02
0.00053325 2.3165E+02
0.0005335 2.3218E+02
0.00053375 2.3272E+02
0.000534 2.3326E+02
0.00053425 2.3476E+02
0.0005345 2.3745E+02
0.00053475 2.4015E+02
0.000535 2.4285E+02
0.00053525 2.4554E+02
0.0005355 2.4824E+02
0.00053575 2.4362E+02
0.000536 2.3535E+02
0.00053625 2.2708E+02
0.0005365 2.1881E+02
0.00053675 2.1055E+02
0.000537 2.0228E+02
0.00053725 2.0603E+02
0.0005375 2.1124E+02
0.00053775 2.1645E+02
0.000538 2.2167E+02
0.00053825 2.2688E+02
0.0005385 2.3163E+02
0.00053875 2.3289E+02
0.000539 2.3415E+02
0.00053925 2.3541E+02
0.0005395 2.3666E+02
0.00053975 2.3792E+02
0.00054 2.3820E+02
0.00054025 2.3659E+02
0.0005405 2.3497E+02
0.00054075 2.3335E+02
0.000541 2.3173E+02
0.00054125 2.3012E+02
0.0005415 2.2789E+02
0.00054175 2.2520E+02
0.000542 2.2250E+02
0.00054225 2.1980E+02
0.0005425 2.1711E+02
0.00054275 2.1441E+02
0.000543 2.1837E+02
0.00054325 2.2412E+02
0.0005435 2.2987E+02
0.00054375 2.3562E+02
0.000544 2.4137E+02
0.00054425 2.4701E+02
0.0005445 2.4270E+02
0.00054475 2.3838E+02
0.000545 2.3407E+02
0.00054525 2.2976E+02
0.0005455 2.2544E+02
0.00054575 2.2282E+02
0.000546 2.2570E+02
0.00054625 2.2857E+02
0.0005465 2.3145E+02
0.00054675 2.3432E+02
0.000547 2.3720E+02
0.00054725 2.3776E+02
0.0005475 2.3561E+02
0.00054775 2.3345E+02
0.000548 2.3129E+02
0.00054825 2.2914E+02
0.0005485 2.2698E+02
0.00054875 2.2703E+02
0.000549 2.2811E+02
0.00054925 2.2919E+02
0.0005495 2.3027E+02
0.00054975 2.3135E+02
0.00055 2.3243E+02
0.00055025 2.3204E+02
0.0005505 2.3150E+02
0.00055075 2.3096E+02
0.000551 2.3042E+02
0.00055125 2.2988E+02
0.0005515 2.3002E+02
0.00055175 2.3470E+02
0.000552 2.3937E+02
0.00055225 2.4404E+02
0.0005525 2.4872E+02
0.00055275 2.5339E+02
0.000553 2.5391E+02
0.00055325 2.4690E+02
0.0005535 2.3989E+02
0.00055375 2.3288E+02
0.000554 2.2587E+02
0.00055425 2.1887E+02
0.0005545 2.1998E+02
0.00055475 2.2699E+02
0.000555 2.3399E+02
0.00055525 2.4100E+02
0.0005555 2.4801E+02
0.00055575 2.5502E+02
0.000556 2.5308E+02
0.00055625 2.4895E+02
0.0005565 2.4481E+02
0.00055675 2.4068E+02
0.000557 2.3655E+02
0.00055725 2.3247E+02
0.0005575 2.3049E+02
0.00055775 2.2852E+02
0.000558 2.2654E+02
0.00055825 2.2456E+02
0.0005585 2.2259E+02
0.00055875 2.2178E+02
0.000559 2.2448E+02
0.00055925 2.2718E+02
0.0005595 2.2987E+02
0.00055975 2.3257E+02
0.00056 2.3526E+02
0.00056025 2.3548E+02
0.0005605 2.3297E+02
0.00056075 2.3045E+02
0.000561 2.2793E+02
0.00056125 2.2542E+02
0.0005615 2.2290E+02
0.00056175 2.2541E+02
0.000562 2.3008E+02
0.00056225 2.3476E+02
0.0005625 2.3943E+02
0.00056275 2.4410E+02
0.000563 2.4878E+02
0.00056325 2.4797E+02
0.0005635 2.4671E+02
0.00056375 2.4546E+02
0.000564 2.4420E+02
0.00056425 2.4294E+02
0.0005645 2.4131E+02
0.00056475 2.3754E+02
0.000565 2.3376E+02
0.00056525 2.2999E+02
0.0005655 2.2622E+02
0.00056575 2.2244E+02
0.000566 2.2300E+02
0.00056625 2.3091E+02
0.0005665 2.3882E+02
0.00056675 2.4673E+02
0.000567 2.5463E+02
0.00056725 2.6254E+02
0.0005675 2.6125E+02
0.00056775 2.5370E+02
0.000568 2.4615E+02
0.00056825 2.3861E+02
0.0005685 2.3106E+02
0.00056875 2.2351E+02
0.000569 2.2877E+02
0.00056925 2.3686E+02
0.0005695 2.4494E+02
0.00056975 2.5303E+02
0.00057 2.6112E+02
0.00057025 2.6869E+02
0.0005705 2.6492E+02
0.00057075 2.6115E+02
0.000571 2.5737E+02
0.00057125 2.5360E+02
0.0005715 2.4982E+02
0.00057175 2.4744E+02
0.000572 2.4888E+02
0.00057225 2.5032E+02
0.0005725 2.5176E+02
0.00057275 2.5319E+02
0.000573 2.5463E+02
0.00057325 2.5545E+02
0.0005735 2.5563E+02
0.00057375 2.5581E+02
0.000574 2.5599E+02
0.00057425 2.5617E+02
0.0005745 2.5635E+02
0.00057475 2.5576E+02
0.000575 2.5486E+02
0.00057525 2.5396E+02
0.0005755 2.5306E+02
0.00057575 2.5216E+02
0.000576 2.5127E+02
0.00057625 2.5425E+02
0.0005765 2.5748E+02
0.00057675 2.6072E+02
0.000577 2.6395E+02
0.00057725 2.6719E+02
0.0005775 2.6940E+02
0.00057775 2.6634E+02
0.000578 2.6329E+02
0.00057825 2.6023E+02
0.0005785 2.5718E+02
0.00057875 2.5412E+02
0.000579 2.5211E+02
0.00057925 2.5175E+02
0.0005795 2.5139E+02
0.00057975 2.5103E+02
0.00058 2.5067E+02
0.00058025 2.5031E+02
0.0005805 2.4776E+02
0.00058075 2.4380E+02
0.000581 2.3985E+02
0.00058125 2.3590E+02
0.0005815 2.3194E+02
0.00058175 2.2799E+02
0.000582 2.3184E+02
0.00058225 2.3723E+02
0.0005825 2.4262E+02
0.00058275 2.4801E+02
0.000583 2.5340E+02
0.00058325 2.5818E+02
0.0005835 2.5315E+02
0.00058375 2.4812E+02
0.000584 2.4308E+02
0.00058425 2.3805E+02
0.0005845 2.3302E+02
0.00058475 2.3017E+02
0.000585 2.3287E+02
0.00058525 2.3556E+02
0.0005855 2.3826E+02
0.00058575 2.4096E+02
0.000586 2.4365E+02
0.00058625 2.4662E+02
0.0005865 2.4986E+02
0.00058675 2.5309E+02
0.000587 2.5633E+02
0.00058725 2.5956E+02
0.0005875 2.6280E+02
0.00058775 2.6275E+02
0.000588 2.6149E+02
0.00058825 2.6023E+02
0.0005885 2.5897E+02
0.00058875 2.5772E+02
0.000589 2.5646E+02
0.00058925 2.5846E+02
0.0005895 2.6062E+02
0.00058975 2.6277E+02
0.00059 2.6493E+02
0.00059025 2.6709E+02
0.0005905 2.6838E+02
0.00059075 2.6568E+02
0.000591 2.6298E+02
0.00059125 2.6029E+02
0.0005915 2.5759E+02
0.00059175 2.5490E+02
0.000592 2.5336E+02
0.00059225 2.5354E+02
0.0005925 2.5372E+02
0.00059275 2.5390E+02
0.000593 2.5408E+02
0.00059325 2.5426E+02
0.0005935 2.5489E+02
0.00059375 2.5579E+02
0.000594 2.5668E+02
0.00059425 2.5758E+02
0.0005945 2.5848E+02
0.00059475 2.5938E+02
0.000595 2.5829E+02
0.00059525 2.5685E+02
0.0005955 2.5542E+02
0.00059575 2.5398E+02
0.000596 2.5254E+02
0.00059625 2.5117E+02
0.0005965 2.5063E+02
0.00059675 2.5009E+02
0.000597 2.4955E+02
0.00059725 2.4901E+02
0.0005975 2.4847E+02
0.00059775 2.4917E+02
0.000598 2.5276E+02
0.00059825 2.5636E+02
0.0005985 2.5995E+02
0.00059875 2.6355E+02
0.000599 2.6714E+02
0.00059925 2.6820E+02
0.0005995 2.6694E+02
0.00059975 2.6568E+02
0.0006 2.6443E+02
0.00060025 2.6317E+02
0.0006005 2.6191E+02
0.00060075 2.6226E+02
0.000601 2.6316E+02
0.00060125 2.6406E+02
0.0006015 2.6496E+02
0.00060175 2.6586E+02
0.000602 2.6675E+02
0.00060225 2.6556E+02
0.0006025 2.6430E+02
0.00060275 2.6304E+02
0.000603 2.6179E+02
0.00060325 2.6053E+02
0.0006035 2.5889E+02
0.00060375 2.5565E+02
0.000604 2.5242E+02
0.00060425 2.4918E+02
0.0006045 2.4595E+02
0.00060475 2.4271E+02
0.000605 2.4166E+02
0.00060525 2.4363E+02
0.0006055 2.4561E+02
0.00060575 2.4759E+02
0.000606 2.4956E+02
0.00060625 2.5154E+02
0.0006065 2.5121E+02
0.00060675 2.4959E+02
0.000607 2.4797E+02
0.00060725 2.4636E+02
0.0006075 2.4474E+02
0.00060775 2.4312E+02
0.000608 2.4711E+02
0.00060825 2.5196E+02
0.0006085 2.5681E+02
0.00060875 2.6167E+02
0.000609 2.6652E+02
0.00060925 2.7053E+02
0.0006095 2.6603E+02
0.00060975 2.6154E+02
0.00061 2.5705E+02
0.00061025 2.5256E+02
0.0006105 2.4806E+02
0.00061075 2.4668E+02
0.000611 2.5207E+02
0.00061125 2.5746E+02
0.0006115 2.6285E+02
0.00061175 2.6824E+02
0.000612 2.7363E+02
0.00061225 2.7593E+02
0.0006125 2.7557E+02
0.00061275 2.7521E+02
0.000613 2.7485E+02
0.00061325 2.7449E+02
0.0006135 2.7413E+02
0.00061375 2.7597E+02
0.000614 2.7848E+02
0.00061425 2.8100E+02
0.0006145 2.8351E+02
0.00061475 2.8603E+02
0.000615 2.8855E+02
0.00061525 2.8344E+02
0.0006155 2.7823E+02
0.00061575 2.7302E+02
0.000616 2.6780E+02
0.00061625 2.6259E+02
0.0006165 2.5867E+02
0.00061675 2.5956E+02
0.000617 2.6046E+02
0.00061725 2.6136E+02
0.0006175 2.6226E+02
0.00061775 2.6316E+02
0.000618 2.6453E+02
0.00061825 2.6650E+02
0.0006185 2.6848E+02
0.00061875 2.7046E+02
0.000619 2.7243E+02
0.00061925 2.7441E+02
0.0006195 2.7414E+02
0.00061975 2.7270E+02
0.00062 2.7126E+02
0.00062025 2.6983E+02
0.0006205 2.6839E+02
0.00062075 2.6695E+02
0.000621 2.6615E+02
0.00062125 2.6543E+02
0.0006215 2.6471E+02
0.00062175 2.6399E+02
0.000622 2.6327E+02
0.00062225 2.6261E+02
0.0006225 2.6243E+02
0.00062275 2.6225E+02
0.000623 2.6207E+02
0.00062325 2.6189E+02
0.0006235 2.6171E+02
0.00062375 2.6331E+02
0.000624 2.6852E+02
0.00062425 2.7374E+02
0.0006245 2.7895E+02
0.00062475 2.8416E+02
0.000625 2.8937E+02
0.00062525 2.9090E+02
0.0006255 2.8946E+02
0.00062575 2.8802E+02
0.000626 2.8658E+02
0.00062625 2.8515E+02
0.0006265 2.8371E+02
0.00062675 2.8157E+02
0.000627 2.7924E+02
0.00062725 2.7690E+02
0.0006275 2.7456E+02
0.00062775 2.7223E+02
0.000628 2.6989E+02
0.00062825 2.6917E+02
0.0006285 2.6846E+02
0.00062875 2.6774E+02
0.000629 2.6702E+02
0.00062925 2.6630E+02
0.0006295 2.6582E+02
0.00062975 2.6618E+02
0.00063 2.6654E+02
0.00063025 2.6690E+02
0.0006305 2.6726E+02
0.00063075 2.6762E+02
0.000631 2.6863E+02
0.00063125 2.7043E+02
0.0006315 2.7222E+02
0.00063175 2.7402E+02
0.000632 2.7582E+02
0.00063225 2.7761E+02
0.0006325 2.7699E+02
0.00063275 2.7519E+02
0.000633 2.7339E+02
0.00063325 2.7160E+02
0.0006335 2.6980E+02
0.00063375 2.6800E+02
0.000634 2.6443E+02
0.00063425 2.6066E+02
0.0006345 2.5688E+02
0.00063475 2.5311E+02
0.000635 2.4933E+02
0.00063525 2.4652E+02
0.0006355 2.5066E+02
0.00063575 2.5479E+02
0.000636 2.5892E+02
0.00063625 2.6306E+02
0.0006365 2.6719E+02
0.00063675 2.7014E+02
0.000637 2.7086E+02
0.00063725 2.7158E+02
0.0006375 2.7230E+02
0.00063775 2.7302E+02
0.000638 2.7374E+02
0.00063825 2.7528E+02
0.0006385 2.7743E+02
0.00063875 2.7959E+02
0.000639 2.8175E+02
0.00063925 2.8390E+02
0.0006395 2.8606E+02
0.00063975 2.8693E+02
0.00064 2.8747E+02
0.00064025 2.8801E+02
0.0006405 2.8855E+02
0.00064075 2.8909E+02
0.000641 2.8955E+02
0.00064125 2.8596E+02
0.0006415 2.8237E+02
0.00064175 2.7877E+02
0.000642 2.7518E+02
0.00064225 2.7158E+02
0.0006425 2.6968E+02
0.00064275 2.7310E+02
0.000643 2.7651E+02
0.00064325 2.7993E+02
0.0006435 2.8334E+02
0.00064375 2.8676E+02
0.000644 2.8850E+02
0.00064425 2.8832E+02
0.0006445 2.8814E+02
0.00064475 2.8796E+02
0.000645 2.8778E+02
0.00064525 2.8760E+02
0.0006455 2.8692E+02
0.00064575 2.8602E+02
0.000646 2.8513E+02
0.00064625 2.8423E+02
0.0006465 2.8333E+02
0.00064675 2.8243E+02
0.000647 2.8120E+02
0.00064725 2.7994E+02
0.0006475 2.7869E+02
0.00064775 2.7743E+02
0.000648 2.7617E+02
0.00064825 2.7523E+02
0.0006485 2.7631E+02
0.00064875 2.7739E+02
0.000649 2.7847E+02
0.00064925 2.7955E+02
0.0006495 2.8063E+02
0.00064975 2.7988E+02
0.00065 2.7593E+02
0.00065025 2.7197E+02
0.0006505 2.6802E+02
0.00065075 2.6407E+02
0.000651 2.6011E+02
0.00065125 2.6143E+02
0.0006515 2.6646E+02
0.00065175 2.7149E+02
0.000652 2.7652E+02
0.00065225 2.8155E+02
0.0006525 2.8658E+02
0.00065275 2.8594E+02
0.000653 2.8396E+02
0.00065325 2.8199E+02
0.0006535 2.8001E+02
0.00065375 2.7803E+02
0.000654 2.7611E+02
0.00065425 2.7575E+02
0.0006545 2.7539E+02
0.00065475 2.7503E+02
0.000655 2.7467E+02
0.00065525 2.7431E+02
0.0006555 2.7502E+02
0.00065575 2.7879E+02
0.000656 2.8257E+02
0.00065625 2.8634E+02
0.0006565 2.9012E+02
0.00065675 2.9389E+02
0.000657 2.9429E+02
0.00065725 2.9105E+02
0.0006575 2.8782E+02
0.00065775 2.8458E+02
0.000658 2.8135E+02
0.00065825 2.7811E+02
0.0006585 2.8160E+02
0.00065875 2.8789E+02
0.000659 2.9418E+02
0.00065925 3.0047E+02
0.0006595 3.0676E+02
0.00065975 3.1305E+02
0.00066 3.0898E+02
0.00066025 3.0413E+02
0.0006605 2.9928E+02
0.00066075 2.9443E+02
0.000661 2.8957E+02
0.00066125 2.8533E+02
0.0006615 2.8443E+02
0.00066175 2.8353E+02
0.000662 2.8263E+02
0.00066225 2.8173E+02
0.0006625 2.8084E+02
0.00066275 2.8184E+02
0.000663 2.8597E+02
0.00066325 2.9010E+02
0.0006635 2.9424E+02
0.00066375 2.9837E+02
0.000664 3.0250E+02
0.00066425 3.0188E+02
0.0006645 2.9811E+02
0.00066475 2.9433E+02
0.000665 2.9056E+02
0.00066525 2.8678E+02
0.0006655 2.8301E+02
0.00066575 2.8116E+02
0.000666 2.7973E+02
0.00066625 2.7829E+02
0.0006665 2.7685E+02
0.00066675 2.7541E+02
0.000667 2.7422E+02
0.00066725 2.7763E+02
0.0006675 2.8105E+02
0.00066775 2.8446E+02
0.000668 2.8788E+02
0.00066825 2.9129E+02
0.0006685 2.9372E+02
0.00066875 2.9354E+02
0.000669 2.9336E+02
0.00066925 2.9318E+02
0.0006695 2.9300E+02
0.00066975 2.9282E+02
0.00067 2.9273E+02
0.00067025 2.9273E+02
0.0006705 2.9273E+02
0.00067075 2.9273E+02
0.000671 2.9273E+02
0.00067125 2.9273E+02
0.0006715 2.9182E+02
0.00067175 2.9057E+02
0.000672 2.8931E+02
0.00067225 2.8805E+02
0.0006725 2.8679E+02
0.00067275 2.8553E+02
0.000673 2.8734E+02
0.00067325 2.8931E+02
0.0006735 2.9129E+02
0.00067375 2.9327E+02
0.000674 2.9524E+02
0.00067425 2.9676E+02
0.0006745 2.9604E+02
0.00067475 2.9533E+02
0.000675 2.9461E+02
0.00067525 2.9389E+02
0.0006755 2.9317E+02
0.00067575 2.9238E+02
0.000676 2.9148E+02
0.00067625 2.9058E+02
0.0006765 2.8968E+02
0.00067675 2.8878E+02
0.000677 2.8789E+02
0.00067725 2.8710E+02
0.0006775 2.8638E+02
0.00067775 2.8566E+02
0.000678 2.8494E+02
0.00067825 2.8422E+02
0.0006785 2.8350E+02
0.00067875 2.8566E+02
0.000679 2.8835E+02
0.00067925 2.9105E+02
0.0006795 2.9375E+02
0.00067975 2.9644E+02
0.00068 2.9897E+02
0.00068025 2.9915E+02
0.0006805 2.9933E+02
0.00068075 2.9951E+02
0.000681 2.9969E+02
0.00068125 2.9987E+02
0.0006815 3.0026E+02
0.00068175 3.0116E+02
0.000682 3.0206E+02
0.00068225 3.0295E+02
0.0006825 3.0385E+02
0.00068275 3.0475E+02
0.000683 3.0390E+02
0.00068325 3.0138E+02
0.0006835 2.9887E+02
0.00068375 2.9635E+02
0.000684 2.9383E+02
0.00068425 2.9132E+02
0.0006845 2.9198E+02
0.00068475 2.9378E+02
0.000685 2.9558E+02
0.00068525 2.9737E+02
0.0006855 2.9917E+02
0.00068575 3.0097E+02
0.000686 3.0173E+02
0.00068625 3.0245E+02
0.0006865 3.0317E+02
0.00068675 3.0388E+02
0.000687 3.0460E+02
0.00068725 3.0539E+02
0.0006875 3.0647E+02
0.00068775 3.0755E+02
0.000688 3.0862E+02
0.00068825 3.0970E+02
0.0006885 3.1078E+02
0.00068875 3.0840E+02
0.000689 3.0103E+02
0.00068925 2.9367E+02
0.0006895 2.8630E+02
0.00068975 2.7893E+02
0.00069 2.7156E+02
0.00069025 2.7091E+02
0.0006905 2.7414E+02
0.00069075 2.7738E+02
0.000691 2.8061E+02
0.00069125 2.8385E+02
0.0006915 2.8708E+02
0.00069175 2.8646E+02
0.000692 2.8521E+02
0.00069225 2.8395E+02
0.0006925 2.8269E+02
0.00069275 2.8143E+02
0.000693 2.8041E+02
0.00069325 2.8202E+02
0.0006935 2.8364E+02
0.00069375 2.8526E+02
0.000694 2.8688E+02
0.00069425 2.8849E+02
0.0006945 2.8984E+02
0.00069475 2.9056E+02
0.000695 2.9128E+02
0.00069525 2.9199E+02
0.0006955 2.9271E+02
0.00069575 2.9343E+02
0.000696 2.9501E+02
0.00069625 2.9734E+02
0.0006965 2.9968E+02
0.00069675 3.0202E+02
0.000697 3.0435E+02
0.00069725 3.0669E+02
0.0006975 3.0523E+02
0.00069775 3.0254E+02
0.000698 2.9984E+02
0.00069825 2.9715E+02
0.0006985 2.9445E+02
0.00069875 2.9176E+02
0.000699 2.9099E+02
0.00069925 2.9027E+02
0.0006995 2.8955E+02
0.00069975 2.8884E+02
0.0007 2.8812E+02
0.00070025 2.8733E+02
0.0007005 2.8625E+02
0.00070075 2.8517E+02
0.000701 2.8409E+02
0.00070125 2.8301E+02
0.0007015 2.8193E+02
0.00070175 2.8361E+02
0.000702 2.8900E+02
0.00070225 2.9439E+02
0.0007025 2.9978E+02
0.00070275 3.0517E+02
0.000703 3.1056E+02
0.00070325 3.0872E+02
0.0007035 3.0297E+02
0.00070375 2.9722E+02
0.000704 2.9147E+02
0.00070425 2.8572E+02
0.0007045 2.7997E+02
0.00070475 2.8755E+02
0.000705 2.9708E+02
0.00070525 3.0660E+02
0.0007055 3.1613E+02
0.00070575 3.2565E+02
0.000706 3.3417E+02
0.00070625 3.3327E+02
0.0007065 3.3237E+02
0.00070675 3.3147E+02
0.000707 3.3057E+02
0.00070725 3.2967E+02
0.0007075 3.2768E+02
0.00070775 3.2337E+02
0.000708 3.1905E+02
0.00070825 3.1474E+02
0.0007085 3.1043E+02
0.00070875 3.0611E+02
0.000709 3.0268E+02
0.00070925 2.9999E+02
0.0007095 2.9729E+02
0.00070975 2.9460E+02
0.00071 2.9190E+02
0.00071025 2.8920E+02
0.0007105 2.8872E+02
0.00071075 2.8890E+02
0.000711 2.8908E+02
0.00071125 2.8926E+02
0.0007115 2.8944E+02
0.00071175 2.8962E+02
0.000712 2.8890E+02
0.00071225 2.8819E+02
0.0007125 2.8747E+02
0.00071275 2.8675E+02
0.000713 2.8603E+02
0.00071325 2.8613E+02
0.0007135 2.8918E+02
0.00071375 2.9224E+02
0.000714 2.9529E+02
0.00071425 2.9835E+02
0.0007145 3.0140E+02
0.00071475 3.0351E+02
0.000715 3.0441E+02
0.00071525 3.0531E+02
0.0007155 3.0620E+02
0.00071575 3.0710E+02
0.000716 3.0800E+02
0.00071625 3.1022E+02
0.0007165 3.1309E+02
0.00071675 3.1597E+02
0.000717 3.1884E+02
0.00071725 3.2172E+02
0.0007175 3.2459E+02
0.00071775 3.2395E+02
0.000718 3.2288E+02
0.00071825 3.2180E+02
0.0007185 3.2072E+02
0.00071875 3.1964E+02
0.000719 3.1852E+02
0.00071925 3.1708E+02
0.0007195 3.1565E+02
0.00071975 3.1421E+02
0.00072 3.1277E+02
0.00072025 3.1133E+02
0.0007205 3.0844E+02
0.00072075 3.0269E+02
0.000721 2.9694E+02
0.00072125 2.9119E+02
0.0007215 2.8544E+02
0.00072175 2.7969E+02
0.000722 2.8029E+02
0.00072225 2.8586E+02
0.0007225 2.9143E+02
0.00072275 2.9700E+02
0.000723 3.0257E+02
0.00072325 3.0814E+02
0.0007235 3.0793E+02
0.00072375 3.0613E+02
0.000724 3.0434E+02
0.00072425 3.0254E+02
0.0007245 3.0074E+02
0.00072475 2.9903E+02
0.000725 3.0676E+02
0.00072525 3.1448E+02
0.0007255 3.2221E+02
0.00072575 3.2994E+02
0.000726 3.3767E+02
0.00072625 3.4209E+02
0.0007265 3.3562E+02
0.00072675 3.2915E+02
0.000727 3.2268E+02
0.00072725 3.1621E+02
0.0007275 3.0974E+02
0.00072775 3.0565E+02
0.000728 3.0439E+02
0.00072825 3.0314E+02
0.0007285 3.0188E+02
0.00072875 3.0062E+02
0.000729 2.9936E+02
0.00072925 2.9713E+02
0.0007295 2.9443E+02
0.00072975 2.9173E+02
0.00073 2.8904E+02
0.00073025 2.8634E+02
0.0007305 2.8365E+02
0.00073075 2.8485E+02
0.000731 2.8647E+02
0.00073125 2.8809E+02
0.0007315 2.8971E+02
0.00073175 2.9132E+02
0.000732 2.9326E+02
0.00073225 2.9740E+02
0.0007325 3.0153E+02
0.00073275 3.0566E+02
0.000733 3.0980E+02
0.00073325 3.1393E+02
0.0007335 3.1718E+02
0.00073375 3.1880E+02
0.000734 3.2041E+02
0.00073425 3.2203E+02
0.0007345 3.2365E+02
0.00073475 3.2527E+02
0.000735 3.2771E+02
0.00073525 3.3077E+02
0.0007355 3.3382E+02
0.00073575 3.3688E+02
0.000736 3.3993E+02
0.00073625 3.4299E+02
0.0007365 3.3813E+02
0.00073675 3.3130E+02
0.000737 3.2447E+02
0.00073725 3.1764E+02
0.0007375 3.1081E+02
0.00073775 3.0407E+02
0.000738 3.0084E+02
0.00073825 2.9760E+02
0.0007385 2.9437E+02
0.00073875 2.9113E+02
0.000739 2.8790E+02
0.00073925 2.8520E+02
0.0007395 2.8412E+02
0.00073975 2.8304E+02
0.00074 2.8196E+02
0.00074025 2.8089E+02
0.0007405 2.7981E+02
0.00074075 2.7890E+02
0.000741 2.7818E+02
0.00074125 2.7746E+02
0.0007415 2.7674E+02
0.00074175 2.7602E+02
0.000742 2.7530E+02
0.00074225 2.7759E+02
0.0007425 2.8118E+02
0.00074275 2.8478E+02
0.000743 2.8837E+02
0.00074325 2.9197E+02
0.0007435 2.9556E+02
0.00074375 3.0147E+02
0.000744 3.0758E+02
0.00074425 3.1369E+02
0.0007445 3.1980E+02
0.00074475 3.2591E+02
0.000745 3.3034E+02
0.00074525 3.2476E+02
0.0007455 3.1919E+02
0.00074575 3.1362E+02
0.000746 3.0805E+02
0.00074625 3.0248E+02
0.0007465 3.0141E+02
0.00074675 3.0806E+02
0.000747 3.1471E+02
0.00074725 3.2136E+02
0.0007475 3.2801E+02
0.00074775 3.3466E+02
0.000748 3.3449E+02
0.00074825 3.2964E+02
0.0007485 3.2479E+02
0.00074875 3.1994E+02
0.000749 3.1508E+02
0.00074925 3.1023E+02
0.0007495 3.0553E+02
0.00074975 3.0085E+02
0.00075 2.9618E+02
0.00075025 2.9151E+02
0.0007505 2.8684E+02
0.00075075 2.8228E+02
0.000751 2.8048E+02
0.00075125 2.7868E+02
0.0007515 2.7689E+02
0.00075175 2.7509E+02
0.000752 2.7329E+02
0.00075225 2.7321E+02
0.0007525 2.7788E+02
0.00075275 2.8255E+02
0.000753 2.8722E+02
0.00075325 2.9190E+02
0.0007535 2.9657E+02
0.00075375 3.0221E+02
0.000754 3.0886E+02
0.00075425 3.1551E+02
0.0007545 3.2216E+02
0.00075475 3.2881E+02
0.000755 3.3546E+02
0.00075525 3.3827E+02
0.0007555 3.3952E+02
0.00075575 3.4078E+02
0.000756 3.4204E+02
0.00075625 3.4330E+02
0.0007565 3.4455E+02
0.00075675 3.4178E+02
0.000757 3.3872E+02
0.00075725 3.3567E+02
0.0007575 3.3261E+02
0.00075775 3.2955E+02
0.000758 3.2569E+02
0.00075825 3.1761E+02
0.0007585 3.0952E+02
0.00075875 3.0143E+02
0.000759 2.9335E+02
0.00075925 2.8526E+02
0.0007595 2.7876E+02
0.00075975 2.7480E+02
0.00076 2.7085E+02
0.00076025 2.6690E+02
0.0007605 2.6294E+02
0.00076075 2.5899E+02
0.000761 2.5853E+02
0.00076125 2.6033E+02
0.0007615 2.6213E+02
0.00076175 2.6392E+02
0.000762 2.6572E+02
0.00076225 2.6752E+02
0.0007625 2.7410E+02
0.00076275 2.8165E+02
0.000763 2.8920E+02
0.00076325 2.9674E+02
0.0007635 3.0429E+02
0.00076375 3.1208E+02
0.000764 3.2394E+02
0.00076425 3.3580E+02
0.0007645 3.4767E+02
0.00076475 3.5953E+02
0.000765 3.7139E+02
0.00076525 3.7525E+02
0.0007655 3.5854E+02
0.00076575 3.4182E+02
0.000766 3.2511E+02
0.00076625 3.0839E+02
0.0007665 2.9168E+02
0.00076675 2.8366E+02
0.000767 2.8420E+02
0.00076725 2.8474E+02
0.0007675 2.8528E+02
0.00076775 2.8582E+02
0.000768 2.8636E+02
0.00076825 2.8363E+02
0.0007685 2.7967E+02
0.00076875 2.7572E+02
0.000769 2.7176E+02
0.00076925 2.6781E+02
0.0007695 2.6386E+02
0.00076975 2.6486E+02
0.00077 2.6612E+02
0.00077025 2.6738E+02
0.0007705 2.6864E+02
0.00077075 2.6990E+02
0.000771 2.7081E+02
0.00077125 2.7009E+02
0.0007715 2.6937E+02
0.00077175 2.6865E+02
0.000772 2.6793E+02
0.00077225 2.6721E+02
0.0007725 2.7174E+02
0.00077275 2.8414E+02
0.000773 2.9654E+02
0.00077325 3.0894E+02
0.0007735 3.2134E+02
0.00077375 3.3374E+02
0.000774 3.3695E+02
0.00077425 3.3461E+02
0.0007745 3.3228E+02
0.00077475 3.2994E+02
0.000775 3.2760E+02
0.00077525 3.2527E+02
0.0007755 3.2415E+02
0.00077575 3.2325E+02
0.000776 3.2235E+02
0.00077625 3.2145E+02
0.0007765 3.2056E+02
0.00077675 3.1937E+02
0.000777 3.1452E+02
0.00077725 3.0967E+02
0.0007775 3.0482E+02
0.00077775 2.9996E+02
0.000778 2.9511E+02
0.00077825 2.8957E+02
0.0007785 2.8238E+02
0.00077875 2.7519E+02
0.000779 2.6800E+02
0.00077925 2.6081E+02
0.0007795 2.5362E+02
0.00077975 2.5251E+02
0.00078 2.5700E+02
0.00078025 2.6149E+02
0.0007805 2.6599E+02
0.00078075 2.7048E+02
0.000781 2.7497E+02
0.00078125 2.7572E+02
0.0007815 2.7518E+02
0.00078175 2.7464E+02
0.000782 2.7410E+02
0.00078225 2.7357E+02
0.0007825 2.7303E+02
0.00078275 2.7249E+02
0.000783 2.7195E+02
0.00078325 2.7141E+02
0.0007835 2.7087E+02
0.00078375 2.7033E+02
0.000784 2.7072E+02
0.00078425 2.7503E+02
0.0007845 2.7935E+02
0.00078475 2.8366E+02
0.000785 2.8797E+02
0.00078525 2.9229E+02
0.0007855 2.9302E+02
0.00078575 2.8870E+02
0.000786 2.8439E+02
0.00078625 2.8008E+02
0.0007865 2.7576E+02
0.00078675 2.7145E+02
0.000787 2.6829E+02
0.00078725 2.6577E+02
0.0007875 2.6325E+02
0.00078775 2.6074E+02
0.000788 2.5822E+02
0.00078825 2.5571E+02
0.0007885 2.5955E+02
0.00078875 2.6441E+02
0.000789 2.6926E+02
0.00078925 2.7411E+02
0.0007895 2.7896E+02
0.00078975 2.8315E+02
0.00079 2.8046E+02
0.00079025 2.7776E+02
0.0007905 2.7507E+02
0.00079075 2.7237E+02
0.000791 2.6967E+02
0.00079125 2.6872E+02
0.0007915 2.7159E+02
0.00079175 2.7447E+02
0.000792 2.7734E+02
0.00079225 2.8022E+02
0.0007925 2.8309E+02
0.00079275 2.8510E+02
0.000793 2.8636E+02
0.00079325 2.8762E+02
0.0007935 2.8888E+02
0.00079375 2.9013E+02
0.000794 2.9139E+02
0.00079425 2.9238E+02
0.0007945 2.9328E+02
0.00079475 2.9417E+02
0.000795 2.9507E+02
0.00079525 2.9597E+02
0.0007955 2.9687E+02
0.00079575 2.9105E+02
0.000796 2.8512E+02
0.00079625 2.7919E+02
0.0007965 2.7326E+02
0.00079675 2.6733E+02
0.000797 2.6289E+02
0.00079725 2.6415E+02
0.0007975 2.6541E+02
0.00079775 2.6666E+02
0.000798 2.6792E+02
0.00079825 2.6918E+02
0.0007985 2.6819E+02
0.00079875 2.6423E+02
0.000799 2.6028E+02
0.00079925 2.5633E+02
0.0007995 2.5237E+02
0.00079975 2.4842E+02
0.0008 2.4647E+02
0.00080025 2.4557E+02
0.0008005 2.4467E+02
0.00080075 2.4377E+02
0.000801 2.4287E+02
0.00080125 2.4198E+02
0.0008015 2.4361E+02
0.00080175 2.4558E+02
0.000802 2.4756E+02
0.00080225 2.4954E+02
0.0008025 2.5151E+02
0.00080275 2.5338E+02
0.000803 2.5428E+02
0.00080325 2.5518E+02
0.0008035 2.5608E+02
0.00080375 2.5697E+02
0.000804 2.5787E+02
0.00080425 2.5636E+02
0.0008045 2.4989E+02
0.00080475 2.4342E+02
0.000805 2.3695E+02
0.00080525 2.3048E+02
0.0008055 2.2401E+02
0.00080575 2.2200E+02
0.000806 2.2362E+02
0.00080625 2.2523E+02
0.0008065 2.2685E+02
0.00080675 2.2847E+02
0.000807 2.3009E+02
0.00080725 2.3156E+02
0.0008075 2.3300E+02
0.00080775 2.3444E+02
0.000808 2.3588E+02
0.00080825 2.3732E+02
0.0008085 2.3875E+02
0.00080875 2.4414E+02
0.000809 2.4953E+02
0.00080925 2.5492E+02
0.0008095 2.6032E+02
0.00080975 2.6571E+02
0.00081 2.6953E+02
0.00081025 2.6792E+02
0.0008105 2.6630E+02
0.00081075 2.6468E+02
0.000811 2.6306E+02
0.00081125 2.6145E+02
0.0008115 2.6039E+02
0.00081175 2.6003E+02
0.000812 2.5967E+02
0.00081225 2.5931E+02
0.0008125 2.5895E+02
0.00081275 2.5859E+02
0.000813 2.5546E+02
0.00081325 2.5097E+02
0.0008135 2.4647E+02
0.00081375 2.4198E+02
0.000814 2.3749E+02
0.00081425 2.3300E+02
0.0008145 2.3092E+02
0.00081475 2.2912E+02
0.000815 2.2732E+02
0.00081525 2.2552E+02
0.0008155 2.2373E+02
0.00081575 2.2279E+02
0.000816 2.2818E+02
0.00081625 2.3357E+02
0.0008165 2.3896E+02
0.00081675 2.4435E+02
0.000817 2.4975E+02
0.00081725 2.5236E+02
0.0008175 2.4967E+02
0.00081775 2.4697E+02
0.000818 2.4427E+02
0.00081825 2.4158E+02
0.0008185 2.3888E+02
0.00081875 2.3935E+02
0.000819 2.4222E+02
0.00081925 2.4510E+02
0.0008195 2.4797E+02
0.00081975 2.5085E+02
0.00082 2.5372E+02
0.00082025 2.5105E+02
0.0008205 2.4692E+02
0.00082075 2.4279E+02
0.000821 2.3865E+02
0.00082125 2.3452E+02
0.0008215 2.3043E+02
0.00082175 2.2917E+02
0.000822 2.2791E+02
0.00082225 2.2666E+02
0.0008225 2.2540E+02
0.00082275 2.2414E+02
0.000823 2.2301E+02
0.00082325 2.2229E+02
0.0008235 2.2157E+02
0.00082375 2.2085E+02
0.000824 2.2014E+02
0.00082425 2.1942E+02
0.0008245 2.1878E+02
0.00082475 2.1824E+02
0.000825 2.1770E+02
0.00082525 2.1716E+02
0.0008255 2.1662E+02
0.00082575 2.1608E+02
0.000826 2.1468E+02
0.00082625 2.1288E+02
0.0008265 2.1109E+02
0.00082675 2.0929E+02
0.000827 2.0749E+02
0.00082725 2.0570E+02
0.0008275 2.0423E+02
0.00082775 2.0279E+02
0.000828 2.0135E+02
0.00082825 1.9991E+02
0.0008285 1.9847E+02
0.00082875 1.9711E+02
0.000829 1.9621E+02
0.00082925 1.9531E+02
0.0008295 1.9441E+02
0.00082975 1.9352E+02
0.00083 1.9262E+02
0.00083025 1.9256E+02
0.0008305 1.9400E+02
0.00083075 1.9543E+02
0.000831 1.9687E+02
0.00083125 1.9831E+02
0.0008315 1.9975E+02
0.00083175 2.0328E+02
0.000832 2.0831E+02
0.00083225 2.1334E+02
0.0008325 2.1838E+02
0.00083275 2.2341E+02
0.000833 2.2844E+02
0.00083325 2.2506E+02
0.0008335 2.1967E+02
0.00083375 2.1428E+02
0.000834 2.0888E+02
0.00083425 2.0349E+02
0.0008345 1.9829E+02
0.00083475 1.9883E+02
0.000835 1.9936E+02
0.00083525 1.9990E+02
0.0008355 2.0044E+02
0.00083575 2.0098E+02
0.000836 2.0074E+02
0.00083625 1.9823E+02
0.0008365 1.9571E+02
0.00083675 1.9319E+02
0.000837 1.9068E+02
0.00083725 1.8816E+02
0.0008375 1.8771E+02
0.00083775 1.8951E+02
0.000838 1.9131E+02
0.00083825 1.9310E+02
0.0008385 1.9490E+02
0.00083875 1.9670E+02
0.000839 1.9938E+02
0.00083925 2.0243E+02
0.0008395 2.0549E+02
0.00083975 2.0854E+02
0.00084 2.1160E+02
0.00084025 2.1465E+02
0.0008405 2.1171E+02
0.00084075 2.0830E+02
0.000841 2.0488E+02
0.00084125 2.0147E+02
0.0008415 1.9805E+02
0.00084175 1.9448E+02
0.000842 1.8998E+02
0.00084225 1.8549E+02
0.0008425 1.8100E+02
0.00084275 1.7651E+02
0.000843 1.7201E+02
0.00084325 1.6893E+02
0.0008435 1.6822E+02
0.00084375 1.6750E+02
0.000844 1.6678E+02
0.00084425 1.6606E+02
0.0008445 1.6534E+02
0.00084475 1.6742E+02
0.000845 1.7137E+02
0.00084525 1.7533E+02
0.0008455 1.7928E+02
0.00084575 1.8323E+02
0.000846 1.8719E+02
0.00084625 1.9099E+02
0.0008465 1.9477E+02
0.00084675 1.9854E+02
0.000847 2.0232E+02
0.00084725 2.0609E+02
0.0008475 2.0947E+02
0.00084775 2.0480E+02
0.000848 2.0012E+02
0.00084825 1.9545E+02
0.0008485 1.9078E+02
0.00084875 1.8611E+02
0.000849 1.8270E+02
0.00084925 1.8270E+02
0.0008495 1.8270E+02
0.00084975 1.8270E+02
0.00085 1.8270E+02
0.00085025 1.8270E+02
0.0008505 1.8083E+02
0.00085075 1.7706E+02
0.000851 1.7328E+02
0.00085125 1.6951E+02
0.0008515 1.6573E+02
0.00085175 1.6196E+02
0.000852 1.6465E+02
0.00085225 1.6986E+02
0.0008525 1.7507E+02
0.00085275 1.8028E+02
0.000853 1.8549E+02
0.00085325 1.9070E+02
0.0008535 1.9202E+02
0.00085375 1.9310E+02
0.000854 1.9418E+02
0.00085425 1.9525E+02
0.0008545 1.9633E+02
0.00085475 1.9663E+02
0.000855 1.9304E+02
0.00085525 1.8944E+02
0.0008555 1.8585E+02
0.00085575 1.8225E+02
0.000856 1.7866E+02
0.00085625 1.7738E+02
0.0008565 1.7972E+02
0.00085675 1.8206E+02
0.000857 1.8439E+02
0.00085725 1.8673E+02
0.0008575 1.8906E+02
0.00085775 1.8555E+02
0.000858 1.7836E+02
0.00085825 1.7117E+02
0.0008585 1.6398E+02
0.00085875 1.5679E+02
0.000859 1.4960E+02
0.00085925 1.4588E+02
0.0008595 1.4282E+02
0.00085975 1.3977E+02
0.00086 1.3671E+02
0.00086025 1.3366E+02
0.0008605 1.3048E+02
0.00086075 1.2545E+02
0.000861 1.2042E+02
0.00086125 1.1538E+02
0.0008615 1.1035E+02
0.00086175 1.0532E+02
0.000862 9.9465E+01
0.00086225 9.1557E+01
0.0008625 8.3650E+01
0.00086275 7.5742E+01
0.000863 6.7834E+01
0.00086325 5.9927E+01
0.0008635 5.2753E+01
0.00086375 4.6283E+01
0.000864 3.9813E+01
0.00086425 3.3343E+01
0.0008645 2.6873E+01
